34.303342 3.34690690041
70.637644 3.54744708538
104.889952 3.34269368649
141.279153 3.5575296402
175.569523 3.34578826427
209.784788 3.34207103252
246.089891 3.5499055624
282.438664 3.55478630066
318.872479 3.56403462887
355.336985 3.55860242844
389.595301 3.34495942593
423.862366 3.34635539055
458.346662 3.34965670109
492.649364 3.34926581383
526.97276 3.35132670403
561.284425 3.34775419235
595.560835 3.34793076515
629.893971 3.34979500771
664.249039 3.34878194332
698.581608 3.35086579323
732.920464 3.35027587414
873.154384 13.9363191128
907.472956 3.35025067329
1047.752672 13.9414018631
1082.062532 3.34882576466
1222.271997 13.9384739637
1256.581472 3.34831988811
1290.90936 3.34784295559
1325.209173 3.34785487652
1359.588084 3.35165348053
1393.925348 3.35003740788
1428.311687 3.35264482498
1464.900276 3.56664645672
1499.284061 3.35082099438
1533.732231 3.3533916235
1570.245268 3.56256783009
1710.713646 13.9578819275
1851.002762 13.9438829899
1885.381823 3.3518112421
1919.737243 3.35140554905
1954.082292 3.35153284073
1988.532021 3.35517537594
2022.991176 3.35537655354
2163.325569 13.9462742805
2303.647135 13.9516324759
2338.001444 3.34790518284
2478.280853 13.944474721
2512.641344 3.34918196201
2547.051403 3.35162508488
2581.407101 3.34499874115
2721.825451 13.9425421
2862.090539 13.9434316635
2896.480965 3.35493299961
3036.869518 13.9504011393
3071.254274 3.35011656284
3105.737434 3.35761351585
3140.142389 3.35505976677
3174.591889 3.35198369026
3209.062289 3.35655281544
3349.416988 13.9447762012
3489.609505 13.9349850655
3526.080732 3.5653375864
3560.483575 3.3529127121
3594.902473 3.35424711704
3735.265349 13.9466665983
3769.616733 3.35034923553
3804.057957 3.35247533321
3838.506163 3.350949049
3872.909656 3.34946243763
4013.196496 13.939187336
4047.522249 3.3463173151
4081.814966 3.34314775467
4116.079441 3.34543020725
4256.189443 13.9303167105
4290.455604 3.3458165884
4324.736762 3.34387016296
4465.054986 13.9454259872
4499.34169 3.34409863949
4533.616159 3.34329922199
4570.013118 3.55622010231
4604.33168 3.34188718796
4638.634235 3.34647419453
4672.943198 3.34700191021
4709.741691 3.58347158432
4744.507521 3.37002975941
4779.209146 3.37102982998
4813.941878 3.3737377882
4848.709112 3.3697404623
4883.397206 3.36516599655
4918.130427 3.37445950508
4952.983073 3.3750068903
4987.634366 3.36557433605
5024.791834 3.58932056427
5165.582682 13.9737612963
5306.473231 13.9875094414
5341.153165 3.36711571217
5375.911317 3.37378072739
5412.737574 3.5830726862
5447.536535 3.37277135849
5481.933729 3.34519171715
5516.366018 3.34839692116
5550.775789 3.34736390114
5585.102542 3.34257555008
5619.410758 3.34334180355
5653.788655 3.34445562363
5793.995832 13.9333709717
5934.186903 13.9327293158
6074.335166 13.9348743439
6110.718412 3.5534804821
6144.98528 3.3460889101
6179.308306 3.34770433903
6213.575479 3.34505150318
6247.823703 3.34389648438
6282.093715 3.34580345154
6422.290589 13.9339779615
6456.530967 3.34302399158
6490.812995 3.34695863724
6525.078975 3.34419472218
6561.441133 3.55601549149
6597.833203 3.55759708881
6632.171405 3.34702510834
6666.507367 3.34458608627
6700.789877 3.34159772396
6840.978796 13.9342288256
6877.267896 3.54788038731
6911.596436 3.34513010979
6945.878919 3.34345750809
6980.249934 3.34422981739
7120.403278 13.9318950653
7154.595639 3.33964390755
7188.89227 3.34362549782
7225.273771 3.55568916798
7365.598836 13.945377636
7399.85775 3.34274950027
7436.230858 3.55507564545
7576.417837 13.9335426569
7716.794088 13.9521290064
7751.202794 3.3481606245
7785.583814 3.3542869091
7822.116892 3.56221196651
7962.728491 13.9583241224
7997.309092 3.35696349144
8137.76955 13.9531687975
8174.597108 3.58381268978
8209.346653 3.37547278404
8243.920297 3.36607401371
8384.50812 13.9596871138
8419.067228 3.36566913128
8453.804123 3.3670040369
8594.231346 13.9546135902
8630.749606 3.56408150196
8665.119507 3.3468575716
8699.52796 3.35219740868
8839.999232 13.9583589554
8980.50005 13.9499684334
9015.204565 3.36148529053
9049.909349 3.37231278419
9084.584184 3.36693916321
9225.315621 13.9716641665
9259.989576 3.36470332146
9294.731672 3.37326638699
9329.45865 3.37220611572
9366.408787 3.58586771488
9401.267017 3.37645919323
9436.22817 3.38075003624
9577.098476 13.9745275259
9717.844415 13.9674258471
9752.543093 3.36986908913
9787.263961 3.37086298466
9928.299309 13.9883773804
10069.123967 13.9870104313
10104.032693 3.38451476097
10244.956543 13.9860147715
10282.046865 3.59864411354
10317.014478 3.38802809715
10352.054225 3.38730373383
10492.808863 13.9509896517
10633.060442 13.9400631189
10667.359427 3.34362049103
10703.793567 3.55633518696
10740.26821 3.557173419
10776.755655 3.55814893246
10811.050865 3.34439649582
10845.480892 3.35064868927
10881.981194 3.56389820576
10916.253502 3.34329707623
10950.598698 3.34459719658
10984.879443 3.3417746067
11125.126288 13.9348052502
11159.353129 3.3426202774
