2.098934 0.108458209038
4.237172 0.112502479553
6.37504 0.107116556168
8.398511 0.108662080765
10.438104 0.112755060196
12.468972 0.108606553078
14.527243 0.107135725021
16.637388 0.113353824615
18.623814 0.107378005981
20.695837 0.106385374069
22.689831 0.106677484512
24.692721 0.105780982971
26.738246 0.106643676758
28.73179 0.106066608429
30.751511 0.110622429848
32.79833 0.105942487717
34.785487 0.106036329269
36.771845 0.105825805664
38.772876 0.105945420265
40.77073 0.106095743179
42.755486 0.105961966515
44.742494 0.106145310402
46.723765 0.105950522423
48.746663 0.110658288002
50.719678 0.105966711044
52.668848 0.104633593559
54.666905 0.105793261528
56.685366 0.110829424858
58.636269 0.104576086998
60.624359 0.10582344532
62.644845 0.110709428787
64.635989 0.106201195717
66.58977 0.104421854019
68.541679 0.104632425308
70.493049 0.104514074326
72.4488 0.104596614838
74.397228 0.104496741295
76.392307 0.110709571838
78.402851 0.110585951805
80.352058 0.104227566719
82.348277 0.107636404037
84.345295 0.110751700401
86.288579 0.104648685455
88.243389 0.104639935493
90.191552 0.104574847221
92.143484 0.104674649239
94.093063 0.104669427872
96.080461 0.105900073051
98.03274 0.104733991623
99.990076 0.104484438896
101.975027 0.106338810921
103.972148 0.110681915283
106.008853 0.112256240845
108.024798 0.110744357109
110.041398 0.110864925385
112.023259 0.106166481972
113.979168 0.104639315605
115.938864 0.104653310776
117.946459 0.110778927803
119.923507 0.105927872658
121.90355 0.106149816513
123.861748 0.104568552971
125.843743 0.106114292145
127.891137 0.112159824371
129.872506 0.106343889236
131.865959 0.106427788734
133.82526 0.104942989349
135.806408 0.106086444855
137.763425 0.104621648788
139.75873 0.10721783638
141.715062 0.10463745594
143.693493 0.106101202965
145.67766 0.106259274483
147.673608 0.105898165703
149.627468 0.104556584358
151.611171 0.106609845161
153.62236 0.110688233376
155.578566 0.104631900787
157.564393 0.106574010849
159.614188 0.112519979477
161.594811 0.106206870079
163.551914 0.104586601257
165.510195 0.10451002121
167.495823 0.10664730072
169.513693 0.111226248741
171.505782 0.10654270649
173.466368 0.104660558701
175.447423 0.106031775475
177.439251 0.106667160988
179.44807 0.110912919044
181.399129 0.104589724541
183.359474 0.104589867592
185.377155 0.110680770874
187.357925 0.106152868271
189.335361 0.105789208412
191.340238 0.106156682968
193.3223 0.10637011528
195.306339 0.106308555603
197.26436 0.104775094986
199.244317 0.105863571167
201.206524 0.104754805565
203.211526 0.111062264442
205.196449 0.106290531158
207.210583 0.110742306709
209.161535 0.104631495476
211.122286 0.104745078087
213.140952 0.110723042488
215.118283 0.106467819214
217.10731 0.106669592857
219.070902 0.104691505432
221.082474 0.110809135437
223.091335 0.105979132652
225.073584 0.105949473381
227.058043 0.106469249725
229.037974 0.106205224991
231.003359 0.10504629612
232.966977 0.104723906517
234.918834 0.104668140411
236.882942 0.104774689674
238.873072 0.10632519722
240.871637 0.106141233444
242.855353 0.106210875511
244.875947 0.110941290855
246.850994 0.106067180634
248.84443 0.106076645851
250.822644 0.10597486496
252.780307 0.104707193375
254.819168 0.106162524223
256.813024 0.106246304512
258.812829 0.106639742851
260.775834 0.104722905159
262.735084 0.104394030571
264.715236 0.105978012085
266.678075 0.104802322388
268.654253 0.105858445168
270.614678 0.104767799377
272.571495 0.104866242409
274.55985 0.106320714951
276.524456 0.105474233627
278.515844 0.106297683716
280.472773 0.104587078094
282.433125 0.10518052578
284.397396 0.104788184166
286.44791 0.106326842308
288.412522 0.10484521389
290.394444 0.105968570709
292.372923 0.106138086319
294.329864 0.104463434219
296.289881 0.104638791084
298.271889 0.105881929398
300.256303 0.106100869179
302.252152 0.106440114975
304.20879 0.104360890388
306.166036 0.104741501808
308.123751 0.10458009243
310.108088 0.106422281265
312.067048 0.104539346695
314.027195 0.104539513588
316.005401 0.105977106094
318.004946 0.106146931648
319.968306 0.104875922203
321.977951 0.110658860207
323.958951 0.106532692909
325.919414 0.104517626762
327.905788 0.106801581383
329.86789 0.104512882233
331.881515 0.110782408714
333.886892 0.110804486275
335.87368 0.106117391586
337.857037 0.106058311462
339.87239 0.110532712936
341.855507 0.106192398071
343.805266 0.104666018486
345.826914 0.110659575462
347.78251 0.104472064972
349.833711 0.11205136776
351.821977 0.106266999245
353.781938 0.104610705376
355.800223 0.110819292068
357.786537 0.106431150436
359.778012 0.106290793419
361.761061 0.106207561493
363.723366 0.104919576645
365.705331 0.106238007545
