6.401751 1.53073501587
13.324178 1.7261513869
20.016077 1.67088492711
26.437111 1.5566380024
32.859616 1.55919059118
39.578925 1.65932869911
45.988956 1.55509257317
55.894033 2.73952198029
61.946577 1.45054038366
67.968135 1.43765974045
77.129849 2.4624423186
86.251744 2.48368930817
92.220272 1.41884303093
98.17899 1.41860771179
107.451331 2.50036970774
113.406032 1.41661071777
120.05997 1.65079633395
126.164976 1.44584504763
133.374826 1.82316295306
140.195468 1.66917228699
146.49918 1.51368935903
152.486978 1.43507067362
159.32478 1.72791655858
165.567232 1.50409674644
171.650843 1.43059833845
177.84006 1.44213199615
184.278987 1.51684466998
193.437988 2.50680502256
199.443556 1.44007468224
206.09695 1.60830903053
212.200865 1.46391232808
218.642392 1.56386041641
225.262314 1.64330736796
232.034241 1.6725183328
238.823293 1.67918435733
244.694861 1.39423497518
251.1335 1.58641759555
257.054291 1.41542100906
262.993229 1.41988658905
272.286942 2.52025230726
278.271009 1.43451213837
284.263043 1.43589703242
290.231086 1.43140530586
296.222383 1.44777472814
302.575981 1.50364677111
308.599043 1.44758168856
314.350636 1.36246800423
320.175283 1.38303407033
326.509874 1.56923190753
332.502111 1.40276376406
338.356161 1.38229266802
344.141632 1.37643607457
350.095567 1.41879336039
355.885339 1.37311236064
362.071963 1.50244061152
367.993364 1.38160570463
373.814762 1.37645530701
379.538963 1.35550244649
385.807607 1.45161493619
391.581053 1.36313128471
397.989173 1.59046300252
404.005301 1.40652664502
409.827246 1.37641437848
415.685242 1.39086063703
421.754318 1.46319333712
427.82529 1.46757539113
437.705149 2.7460574309
444.092413 1.46005598704
449.909613 1.37918289502
455.580365 1.33393963178
461.719391 1.48510702451
467.994264 1.45255899429
474.296471 1.49535695712
480.067036 1.36579298973
486.355181 1.45745364825
492.344116 1.44007110596
498.30257 1.42631260554
504.154038 1.36386704445
509.991409 1.38060331345
516.049967 1.46375894547
522.054958 1.44423302015
527.889151 1.38522497813
533.897511 1.43263864517
539.801586 1.36685029666
548.773982 2.45292154948
555.197324 1.5995956262
561.350216 1.48824199041
567.454118 1.48282631238
573.412124 1.36892731984
579.181483 1.36421362559
584.989136 1.37565898895
590.690692 1.34410770734
596.494827 1.37817668915
602.283214 1.37438170115
611.408592 2.4539270401
617.311355 1.40543103218
623.449819 1.48538772265
629.874676 1.51904233297
635.760754 1.38941494624
641.870044 1.44144757589
647.656514 1.36927366257
653.424132 1.36932524045
659.095342 1.33170700073
665.117087 1.44698039691
670.871434 1.3584976991
676.99371 1.44940193494
682.797661 1.37234862645
688.637238 1.38751427333
694.676242 1.45184469223
700.699192 1.46228631337
706.553084 1.38580123583
712.471904 1.37812805176
718.178548 1.34607871373
723.947457 1.35852058729
730.071522 1.48268445333
735.841275 1.36341269811
741.945786 1.46699698766
747.786163 1.36499198278
753.574437 1.37396105131
759.676296 1.48141002655
765.682261 1.44545062383
771.472883 1.37166341146
777.34079 1.38681944211
783.212653 1.35085423787
789.600355 1.58851766586
795.421747 1.38402732213
801.196992 1.3637046814
807.164475 1.43022100131
812.93591 1.3657169342
818.861065 1.37502861023
824.611828 1.35225963593
830.566926 1.4265516599
836.291537 1.35253588359
842.293376 1.44656403859
848.369126 1.45177030563
854.43936 1.42446533839
860.307089 1.38185564677
866.32911 1.43767356873
872.487226 1.49044179916
878.47605 1.43308695157
884.4778 1.37741867701
890.502231 1.45304656029
897.254612 1.70208764076
903.025545 1.36150010427
909.581883 1.59394057592
915.535824 1.37452101707
921.376164 1.3574133714
928.011987 1.6717950503
934.400649 1.58290497462
940.088871 1.34605201085
946.481897 1.50986329714
956.485307 2.74607737859
962.340088 1.39228137334
968.144827 1.37055269877
974.282547 1.48179833094
980.358357 1.43043104808
986.178408 1.37674776713
995.103307 2.43870997429
1001.221275 1.47824629148
1006.996223 1.36838571231
1012.880124 1.35649180412
1018.988119 1.45877742767
1028.131067 2.50151101748
1034.667436 1.61852304141
1040.452651 1.36552174886
1046.557488 1.42142009735
1052.362031 1.36435993512
1058.450392 1.45192527771
1065.593014 1.8291413784
1071.360655 1.36942911148
1081.436663 2.7481859525
1087.577337 1.47206091881
1094.065129 1.60330224037
1099.883699 1.38597663244
1105.590098 1.35165572166
1111.695592 1.42249004046
1117.464534 1.36445697149
1123.1197 1.33868034681
1128.927496 1.38408692678
1134.662716 1.3641529878
1140.466765 1.37154428164
1150.145854 2.61404132843
1156.231028 1.38105638822
1162.487174 1.5090285937
1168.339192 1.39254633586
1174.447562 1.47829564412
1181.12008 1.6172777017
1187.504647 1.54832228025
1193.710696 1.51744198799
1199.830761 1.47530953089
1205.658237 1.38897267977
1211.791724 1.42430837949
1217.98259 1.43895729383
1224.185497 1.50653624535
1230.589458 1.59724299113
1236.929055 1.53807663918
1243.133694 1.45077959696
1249.20692 1.47204597791
1255.877406 1.66870840391
1261.851842 1.43291672071
1271.78989 2.76740137736
1277.945243 1.43161098162
1287.771477 2.72026332219
1293.657689 1.40037965775
1299.680659 1.45389437675
1305.567209 1.38718827566
1312.875192 1.83273410797
1319.161233 1.52939828237
1324.985946 1.37601669629
1331.0375 1.4607574145
1337.425544 1.52015256882
1343.697238 1.47548143069
1350.006031 1.52757024765
1355.976849 1.43075593313
1362.029664 1.46140607198
1368.734828 1.68529868126
1374.991817 1.3984700044
1381.648047 1.66370654106
1388.68395 1.78547461828
1394.654787 1.42928568522
1400.976505 1.47336403529
1407.315015 1.48453799884
1413.219357 1.40259861946
1418.974608 1.36446793874
1425.398726 1.59603365262
1435.67544 2.8632013003
1441.977746 1.4410747687
1448.383328 1.58533700307
1454.839318 1.56815330187
1461.361892 1.61954935392
1467.165418 1.37951127688
1476.223579 2.43047261238
1482.829839 1.60982902845
1488.915154 1.44919371605
1495.136686 1.51349767049
1501.194209 1.4518503348
1508.229737 1.7164551417
1514.050803 1.37517603238
1520.056729 1.44237732887
1526.728708 1.67765363057
1532.566423 1.38932561874
1538.571299 1.38811063766
1545.177957 1.56460309029
1551.181173 1.43250489235
1557.202042 1.43731395404
1563.574433 1.5893286864
1569.532004 1.35540699959
1575.835208 1.53497640292
1581.942817 1.47744401296
1588.211139 1.51697532336
1594.550874 1.52819466591
1600.624356 1.38712358475
1606.593403 1.42432634036
1613.6653 1.80075534185
1619.702627 1.43702284495
1625.407565 1.35237924258
1632.314324 1.66740997632
1638.305564 1.43180473646
1644.209395 1.40873066584
1650.026799 1.38173127174
1656.436062 1.59673571587
1663.675834 1.80507254601
1669.780024 1.47990496953
1676.048689 1.51048906644
1681.937731 1.39427399635
1688.493124 1.62353332837
1698.569582 2.68924705187
1704.404342 1.37635906537
1713.412618 2.45319326719
1719.68375 1.45803968112
1726.188808 1.51159842809
1731.996964 1.36671272914
1738.29852 1.53745333354
1744.373483 1.46489493052
1750.275187 1.41305422783
1760.402662 2.74852426847
1769.507493 2.45963962873
1775.828576 1.53579243024
1785.642792 2.72643677394
1792.663146 1.70756832759
1798.363856 1.34652932485
1808.575496 2.85329532623
1815.10061 1.61525829633
1821.399034 1.527125597
1828.525301 1.76410770416
1834.292006 1.36404506365
1840.597631 1.47613930702
1846.418817 1.38160602252
1855.397246 2.45791594187
1861.768587 1.47976493835
1868.053541 1.46089069049
1874.67635 1.65836238861
1880.929778 1.50981895129
1887.689179 1.69820864995
1893.692857 1.36551141739
1900.696083 1.78414694468
1906.58701 1.39677063624
1915.809858 2.53215797742
1924.849783 2.47314429283
1931.037465 1.42901301384
1941.047005 2.74616527557
1947.684106 1.61658064524
1953.740941 1.45732688904
1959.996515 1.52043501536
1966.633 1.55879060427
1972.387681 1.36395867666
1979.128636 1.65123828252
1984.897698 1.36457633972
1991.288013 1.5759276549
1997.790552 1.51444768906
2008.104707 2.8762143453
2013.840983 1.35218127569
2020.392195 1.64198128382
2026.217634 1.38143706322
2032.155249 1.35445729891
2038.527474 1.54307428996
2044.59879 1.4483546416
2050.718046 1.47142537435
2056.760802 1.45787898699
2063.046924 1.44756523768
2069.235177 1.47590462367
2075.139711 1.40099525452
2081.277475 1.48616035779
2087.113935 1.38530699412
2093.069717 1.35383272171
2099.943133 1.72454333305
2105.711695 1.37037197749
2112.016799 1.5228574276
2117.826486 1.37990268071
2124.196883 1.4758280913
2130.131267 1.42237305641
2136.104715 1.43672768275
2142.241572 1.48634330432
2148.365581 1.48127770424
2154.587845 1.43938763936
2163.70973 2.49959874153
2170.063622 1.5306913058
2176.485214 1.55151534081
2186.296714 2.73669139544
2192.414824 1.39798474312
2198.469441 1.39317194621
2204.778426 1.53260143598
2210.532492 1.37173159917
2216.617821 1.47154299418
2223.340107 1.53448955218
2229.877664 1.61223061879
2235.900281 1.43693733215
2241.671438 1.37083641688
2251.59823 2.76809136073
2257.616977 1.35006666183
2263.659447 1.46406801542
2273.532512 2.72986006737
2279.351081 1.38318236669
2285.292498 1.42781535784
2292.528728 1.7894543012
2298.904134 1.5497636795
2304.806737 1.40831033389
2310.609637 1.36907013257
2317.170438 1.551577727
2323.841296 1.5492699941
2329.742165 1.40730929375
2335.900889 1.48744336764
2346.106188 2.84366257985
2351.913078 1.3783844312
2358.086002 1.43140077591
2364.206172 1.44285496076
2369.942616 1.35763525963
2376.263609 1.5348350207
2383.184591 1.76105046272
2389.6446 1.4974164168
2396.230583 1.59677060445
2401.902953 1.33866262436
2408.422665 1.62384756406
2414.24385 1.38276227315
2420.371334 1.42378560702
2427.188642 1.72387107213
2436.182987 2.46018830935
2442.783637 1.65432810783
2448.554436 1.36956930161
2455.210315 1.55247910817
2460.950966 1.35991136233
2467.586462 1.66955494881
2473.692121 1.47692131996
2480.534803 1.71666407585
2487.171307 1.55290063222
2496.293799 2.48722267151
2505.502468 2.51409228643
2512.54013 1.73435846965
2518.947656 1.49271138509
2525.452783 1.6080690225
2531.15543 1.34781161944
2537.244457 1.4771130085
2544.052126 1.7328359286
2550.642085 1.57699767749
2557.095056 1.58497921626
2563.182807 1.45553533236
2569.96946 1.7054309845
2575.726101 1.35835838318
2582.116853 1.481777668
2592.057117 2.76002963384
2597.891355 1.37551355362
2606.836436 2.44369800886
2616.959663 2.74238228798
2623.76243 1.70540205638
2632.920772 2.51938422521
2638.957976 1.45778560638
2645.499394 1.53285566966
2651.668548 1.49081667264
2658.240532 1.66238411268
2664.615316 1.58433540662
2670.433597 1.38100568453
2676.939622 1.49389839172
2682.977121 1.43719442685
2689.065285 1.45687564214
2696.057489 1.78174527486
2702.044288 1.42710638046
2709.017069 1.71943171819
2714.8363 1.3531636397
2721.040373 1.50834472974
2726.996887 1.41843398412
2732.753407 1.3606616656
2739.30515 1.51326433818
2745.66096 1.53840692838
2751.832335 1.49098928769
2757.80401 1.43590378761
2764.19343 1.58672324816
2770.667944 1.4959851106
2777.269469 1.65599799156
2783.996293 1.69931999842
2790.647531 1.65429441134
2796.769448 1.47219276428
2802.759845 1.35882989566
2809.267101 1.61444107691
2815.203153 1.42127164205
2821.291243 1.46938125292
2827.247346 1.43048095703
2833.848352 1.54110471408
2839.669751 1.38384270668
2845.495785 1.38957357407
2851.480249 1.43508466085
2858.356859 1.72281932831
2865.05675 1.59699201584
2874.102161 2.46970113118
2880.152394 1.43510262171
2885.944703 1.3664106528
2892.380548 1.60831793149
2898.868456 1.45382666588
2904.688253 1.37582413356
2911.047266 1.54891665777
2917.718945 1.64950227737
2924.104475 1.54735326767
2930.276255 1.39344771703
2936.698017 1.54885268211
2942.736313 1.44443631172
2948.441677 1.35168997447
2954.964903 1.61696592967
2965.087448 2.74812968572
2970.976336 1.40085800489
2976.880724 1.41934728622
2982.702293 1.38305830956
2992.961655 2.87294697762
3002.239094 2.45420098305
3008.955914 1.69660631816
3014.981404 1.43137836456
3021.066206 1.44754997889
3027.4211 1.53519495328
3033.61376 1.41817625364
3039.965362 1.57750002543
3046.436372 1.60978269577
3052.745285 1.47249531746
3059.850775 1.80698569616
3066.436555 1.51561665535
3072.426986 1.44021463394
3078.812939 1.55167667071
3088.007916 2.5273009936
3094.447204 1.59968670209
3100.430042 1.36002667745
3106.418486 1.42206072807
3112.37548 1.42457429568
3118.895743 1.62662601471
3125.48542 1.65785201391
3131.788974 1.43680238724
3137.762703 1.43418709437
3144.014966 1.51264135043
3149.819409 1.38934834798
3155.527721 1.34878261884
3161.814727 1.46085572243
3167.923243 1.44417373339
3174.106986 1.48445693652
3180.09823 1.43034267426
3186.048683 1.42862558365
3193.0579 1.67833105723
3199.096487 1.45774507523
3205.301478 1.48757696152
3211.290106 1.4306520621
3217.00692 1.3584429423
3223.346756 1.47750727336
3229.366485 1.44733039538
3236.006919 1.57220848401
3241.743944 1.35944279035
3247.514745 1.36893145243
3257.759953 2.76791532834
3263.613245 1.38673535983
3269.868233 1.51064570745
3276.63949 1.61638903618
3282.877635 1.51832898458
3288.952657 1.36783973376
3295.373436 1.60379227002
3305.249008 2.73637493451
3311.237207 1.44003065427
3317.174634 1.42782878876
3323.776558 1.53132820129
3329.467944 1.34455927213
3335.306271 1.38919099172
3341.340644 1.44928137461
3347.332465 1.43921804428
3353.484229 1.38899803162
3362.480375 2.45452435811
3368.664 1.46557060877
3374.384852 1.36038827896
3380.172186 1.37692070007
3386.644383 1.50987466176
3392.53528 1.38988137245
3399.338699 1.7217789491
3405.359534 1.45564333598
3411.401029 1.46317076683
3417.837151 1.49846665064
3424.293966 1.59668763479
3429.998439 1.34643006325
3436.134506 1.47870031993
3441.956287 1.37188831965
3448.476999 1.52076204618
3454.89855 1.59482598305
3460.655439 1.348706007
3466.742491 1.39714678129
3472.964032 1.51264007886
3479.451629 1.49706633886
3486.160491 1.64839601517
3492.198808 1.44223531087
3498.586506 1.58385531108
3504.938658 1.54220930735
3511.314277 1.46311497688
3517.171286 1.37974747022
3523.206136 1.44589368502
3529.376517 1.48280858994
3535.797633 1.60444100698
3545.908589 2.74204333623
3552.494592 1.63768768311
3562.369829 2.74040961266
3568.657852 1.51722160975
3574.895546 1.42286157608
3581.18878 1.45957533518
3587.039149 1.39904530843
3593.164463 1.48285738627
3599.014624 1.39669299126
3605.275687 1.37312666575
3611.708474 1.51601727804
3617.616704 1.39478993416
3623.952159 1.53365826607
3629.991503 1.44458866119
3635.978618 1.35907729467
3642.102602 1.47359466553
3651.924324 2.72769737244
3658.348269 1.57038998604
3664.504928 1.46387497584
3670.842636 1.46230260531
3677.294841 1.61006498337
3683.216454 1.42203672727
3689.304374 1.46735143661
3695.075488 1.35998932521
3701.100476 1.36615331968
3710.171016 2.47380034129
3716.594786 1.55730470022
3722.584648 1.44491696358
3728.622844 1.4562107722
3735.225324 1.52911965052
3741.232351 1.44245004654
3747.26841 1.43762524923
3756.797771 2.62164473534
3762.83044 1.45005766551
3768.772482 1.35328324636
3775.190679 1.54737464587
3781.265279 1.4733423392
3787.233446 1.43145298958
3793.238851 1.44977068901
3803.531225 2.76097035408
3809.484816 1.42597929637
3815.291044 1.36429063479
3821.628744 1.54190993309
3830.80343 2.51217428843
3837.377949 1.53777130445
3843.178747 1.36753702164
3849.117282 1.41911840439
3854.941176 1.37630375226
3861.447157 1.59843937556
3867.848715 1.47171060244
3874.156325 1.52592762311
3880.709833 1.63693825404
3887.285995 1.64303064346
3894.086269 1.71219571431
3903.415256 2.4662027359
3909.532381 1.48378101985
3915.454682 1.42164166768
3921.728142 1.51390258471
3931.568679 2.73454078039
3938.075586 1.52673864365
3944.046227 1.424964269
3950.414521 1.53874897957
3956.686709 1.50608857473
3962.725069 1.45063869158
3968.799104 1.36409870783
3975.551676 1.70597060521
3981.625873 1.45499833425
3987.665422 1.45165594419
3993.888313 1.50853586197
3999.924924 1.37885499001
4006.230076 1.51859966914
4012.199212 1.41685565313
4018.757247 1.62354103724
4024.976092 1.50213734309
4030.983854 1.35598802567
4040.855891 2.74025734266
4047.460195 1.65478539467
4053.265068 1.38068842888
4059.256658 1.43009924889
4065.357734 1.37285105387
4074.352591 2.45445903142
4080.423238 1.44837498665
4086.37462 1.41179760297
4092.279262 1.41345906258
4099.018944 1.58132998149
4104.75598 1.35624504089
4111.213569 1.61292243004
4117.299873 1.4495964845
4123.908276 1.66340827942
4133.030173 2.44192290306
4139.501185 1.52118269602
4145.741755 1.45457267761
4151.510639 1.36803062757
4157.232019 1.35094531377
4163.770345 1.51355234782
4169.71013 1.41050656637
4179.53666 2.71206402779
4185.688703 1.46656394005
4191.713162 1.43353366852
4197.76728 1.37715832392
4203.537985 1.36584734917
4209.32345 1.37289492289
4215.631642 1.52962708473
4221.349514 1.35120566686
4227.407587 1.44149835904
4233.695333 1.44439999262
4240.134351 1.59927296638
4245.853023 1.34920430183
4251.661256 1.38540768623
4257.916215 1.51151227951
4264.33506 1.45304322243
4270.105798 1.36075433095
4275.794217 1.33418265978
4281.918521 1.46982296308
4287.720335 1.37182307243
4293.893758 1.42602229118
4300.215504 1.45392036438
4306.018658 1.37097875277
4312.106808 1.47151001294
4318.661381 1.53899963697
4324.820641 1.47724103928
4331.339266 1.50662589073
4338.144897 1.71494730314
4343.966387 1.37741732597
4353.706587 2.69180210431
4359.695795 1.42438832919
4365.75158 1.35311603546
4371.840463 1.46871670087
4378.780133 1.72088265419
4385.051993 1.51902071635
4391.219819 1.48312139511
4401.416848 2.76827653249
4407.717357 1.51209036509
4413.822902 1.46672471364
4420.043976 1.44628469149
4425.785104 1.36388039589
4432.424032 1.5259150664
4438.878484 1.52224755287
4444.897332 1.36710103353
4451.202427 1.53108294805
4457.774498 1.63129798571
4464.345554 1.52669699987
4470.601244 1.51055765152
4476.705962 1.4792119662
4482.660585 1.42006468773
4488.867287 1.49402562777
4495.304114 1.48426802953
4501.526046 1.44038097064
4507.70103 1.47078935305
4513.969653 1.50049527486
4520.011019 1.45252656937
4526.666976 1.56166060766
4532.788042 1.44415489833
4538.556285 1.36911503474
4544.462764 1.41744001706
4550.648666 1.43313463529
4556.937251 1.42359399796
4562.895614 1.43028791746
4569.747874 1.74220323563
4578.775739 2.47023367882
4584.713325 1.42603000005
4591.048841 1.43352429072
4596.920046 1.38888025284
4605.977144 2.47364036242
4611.831154 1.38554175695
4618.221867 1.59134991964
4624.341675 1.3770459493
4631.181001 1.73302094142
4637.185399 1.44598468145
4642.873165 1.33513037364
4649.631637 1.68583297729
4655.967141 1.45155461629
4662.205218 1.50930754344
4668.193737 1.36553899447
4674.382951 1.48615566889
4680.139972 1.35889005661
4686.658308 1.50115569433
4693.232556 1.64546529452
4699.052306 1.38487537702
4705.227285 1.48892402649
4711.279316 1.46049761772
4718.01885 1.60714761416
4723.740463 1.35577432315
4730.046017 1.52486133575
4739.022642 2.45354700089
4745.08878 1.45299768448
4751.247416 1.3811776638
4757.235137 1.42922242483
4763.223118 1.41626532873
4769.814032 1.64847127597
4775.830594 1.37346871694
4782.35584 1.52240395546
4788.341796 1.42776767413
4794.111517 1.36749474208
4800.317769 1.49019996325
4806.374282 1.4545434316
4815.70038 2.46687761943
4821.551094 1.39613199234
4827.571883 1.44248366356
4833.665576 1.46175003052
4840.248533 1.65060202281
4847.038787 1.60195469856
4853.410199 1.54911160469
4859.414107 1.42794259389
4865.35192 1.42157443364
4871.259959 1.41872739792
4877.982432 1.58049432437
4884.004314 1.43941632907
4889.989733 1.43507266045
4895.981016 1.43849929174
4901.932326 1.35125168165
4908.691605 1.57309540113
4915.081734 1.58806522687
4921.848309 1.69851231575
4927.635865 1.37563999494
4933.407388 1.36622969309
4940.062702 1.51550706228
4945.88408 1.37867005666
4951.658907 1.36875740687
4958.327412 1.68249233564
4964.417702 1.46782135963
4970.537083 1.37276506424
4976.692783 1.48304629326
4982.480836 1.37475840251
4989.171876 1.64359219869
4995.294253 1.47725598017
5004.618998 2.47080032031
5014.790709 2.84659560521
5020.827546 1.44911130269
5027.36649 1.64002005259
5033.657806 1.40603264173
5039.659087 1.43203457197
5046.047619 1.54606970151
5051.952212 1.40908273061
5062.047428 2.77432672183
5068.232807 1.38794271151
5074.290547 1.45224698385
5080.675988 1.58748928706
5086.685118 1.43035236994
5092.87001 1.50855906804
5098.975474 1.37943426768
5104.995639 1.44081401825
5110.833322 1.3941886425
5116.822658 1.43981877963
5126.935325 2.77507940928
5136.423766 2.5024480025
5142.194832 1.36767975489
5152.203244 2.77764527003
5161.361409 2.49975601832
5168.114036 1.5673040549
5174.167493 1.43309100469
5179.99305 1.38541102409
5186.214296 1.49449960391
5192.19934 1.43501798312
5198.337854 1.37727832794
5204.108552 1.36054635048
5210.115541 1.4333495299
5215.90221 1.36870845159
5221.69319 1.37010701497
5227.961992 1.5172996521
5234.366826 1.46930758158
5240.471406 1.47548898061
5246.761187 1.52304196358
5252.564203 1.3761177063
5258.671601 1.46134297053
5265.027668 1.45330643654
5271.012299 1.43498396873
5277.371123 1.48542102178
5283.455802 1.45173899333
5289.54371 1.47249801954
5295.649771 1.36772759755
5301.721125 1.46431978544
5308.142445 1.59080998103
5314.16752 1.46167874336
5320.122131 1.4313056469
5326.207755 1.37627601624
5331.965319 1.36319470406
5338.316973 1.53976329168
5344.071378 1.35486149788
5350.526313 1.60798708598
5357.535773 1.67694203059
5363.320288 1.38096602758
5369.29485 1.42367402713
5375.063057 1.36801075935
5381.252626 1.5007909139
5387.440052 1.37975796064
5393.547562 1.4732752641
5400.037688 1.61175664266
