16.198477 1.52644870281
32.244834 1.52714803219
46.299496 1.31883039474
60.268961 1.3204523325
74.332704 1.32969582081
88.416901 1.32121777534
102.408054 1.32236032486
118.468872 1.52879915237
134.657105 1.53056390285
148.756031 1.33262970448
162.147181 1.25471584797
175.548837 1.26234505177
189.539091 1.32305579185
203.024338 1.26205201149
217.033011 1.32497899532
231.071466 1.3252494812
244.409696 1.24811189175
257.904772 1.27274000645
271.288304 1.26182398796
285.524656 1.33774781227
298.953843 1.26606161594
312.312971 1.25993533134
344.024223 3.08555736542
358.30854 1.34435622692
374.640391 1.55247998238
388.237311 1.27520942688
419.528294 3.0529245615
433.832928 1.33963119984
449.988312 1.53929765224
466.325076 1.54653394222
480.485679 1.33997840881
494.074038 1.27473340034
508.302615 1.34577817917
522.446883 1.33778598309
535.882668 1.2555505991
549.283302 1.26306450367
563.401257 1.33526320457
577.118582 1.28296449184
608.564368 3.06721098423
622.806623 1.33504259586
636.863286 1.33076655865
653.138213 1.55046420097
666.714065 1.26925773621
681.014121 1.35342180729
694.590164 1.2795539856
708.871589 1.33985762596
722.322825 1.26938724518
753.670235 3.05861289501
785.029292 3.04989602566
798.547671 1.26664788723
812.785721 1.34518959522
826.922361 1.3389703989
840.438705 1.2653960228
871.645686 3.04610822201
903.066353 3.05078389645
916.621603 1.26950647831
930.812444 1.34212143421
944.95673 1.33694808483
958.46688 1.2654964447
974.685643 1.54404709339
988.12598 1.26879553795
1002.310011 1.32936601639
1015.706853 1.26471781731
1031.973946 1.55030379295
1045.625832 1.27441339493
1076.850179 3.04601221085
1090.309257 1.25731196404
1103.690282 1.26119439602
1117.224978 1.27635159492
1133.530225 1.53887975216
1147.034076 1.27389872074
1161.20043 1.33970582485
1177.60009 1.54826824665
1191.103569 1.27396776676
1205.458358 1.35694019794
1219.050291 1.2731880188
1232.501691 1.2686342001
1248.670055 1.54187629223
1264.938723 1.53680787086
1281.210009 1.54809868336
1295.504028 1.34335231781
1308.934126 1.26717162132
1340.296355 3.05824837685
1371.788045 3.06190841198
1388.107478 1.54491791725
1401.646886 1.27672197819
1432.884753 3.0457927227
1446.543865 1.27674770355
1460.054505 1.27302274704
1474.374937 1.35391008854
1488.018231 1.27631659508
1501.518531 1.27512907982
1532.865645 3.05877959728
1547.180565 1.34077301025
1560.769466 1.28016200066
1574.32462 1.28021993637
1605.712855 3.04777090549
1621.929937 1.53635413647
1635.415716 1.27077569962
1649.608127 1.34233877659
1663.9641 1.34262206554
1695.282838 3.0553478241
1709.587979 1.34377970695
1723.780533 1.34272038937
1737.254862 1.2699996233
1750.876022 1.27570176125
1782.264379 3.06136353016
1795.867005 1.27490394115
1827.124827 3.0488186121
1841.481766 1.3350342989
1857.592041 1.53640589714
1874.056638 1.55599112511
1888.351208 1.35284860134
1902.697983 1.3437677145
1916.263109 1.2794274807
1929.730422 1.2706307888
1961.214473 3.05896203518
1974.964535 1.28514046669
1988.524532 1.27838833332
2001.986828 1.27017672062
2015.574775 1.27053740025
2029.011022 1.26666083336
2042.442048 1.26631200314
2073.879091 3.05470926762
2105.265244 3.05262920856
2118.912181 1.27741088867
2132.440452 1.27419221401
2146.64382 1.34256279469
2160.930499 1.33624129295
2177.006983 1.53017048836
2208.43268 3.05894093513
2222.708182 1.33796646595
2236.169214 1.26926937103
2252.348933 1.54088597298
2266.006944 1.27530295849
2279.565474 1.27907390594
2310.94817 3.05972497463
2324.551554 1.27398498058
2338.073817 1.27598416805
2351.630689 1.27715830803
2365.921292 1.33994543552
2382.107747 1.5424082756
2395.683386 1.27088923454
2411.749628 1.53100447655
2427.919182 1.54014201164
2444.268253 1.54427764416
2457.744222 1.27138988972
2471.310812 1.2798306942
2485.561385 1.33642868996
2499.01321 1.26850111485
2515.203623 1.54049801826
2528.749593 1.26619515419
2545.019758 1.54793131351
2558.561992 1.27673649788
2572.237995 1.27811617851
2603.559635 3.05607607365
2617.851306 1.34077570438
2631.439977 1.28108458519
2645.707435 1.3484249115
2659.418813 1.28376889229
2672.84877 1.2663459301
2686.358413 1.27401065826
2699.999595 1.27399022579
