2.974064 0.194553589821
5.899977 0.208347463608
8.710776 0.197310471535
11.448206 0.189647388458
14.209152 0.193358111382
16.999415 0.195171165466
19.711149 0.18647916317
22.484754 0.192875027657
25.274454 0.196857404709
27.967531 0.186797261238
30.764462 0.195941400528
33.707477 0.199561214447
36.43179 0.189615702629
39.262164 0.200062155724
42.074582 0.198543119431
44.919138 0.199435663223
47.617442 0.18712015152
50.459549 0.199280619621
53.239748 0.194799304008
56.051346 0.198485422134
58.991403 0.208515501022
