31.003436 3.01294393539
45.109325 1.32110035419
59.146574 1.32659993172
73.159754 1.32514717579
104.383701 3.03506178856
135.607615 3.0354542017
167.029669 3.05418446064
183.245883 1.5333470583
214.595286 3.05613880157
228.148247 1.27221288681
241.58412 1.26514079571
254.951368 1.2598500967
271.191552 1.53637330532
285.241871 1.3283878088
298.784566 1.2710334301
314.865899 1.53208463192
328.904245 1.32799687386
342.444271 1.26969153881
356.45267 1.32447311878
369.736019 1.25102732182
385.868417 1.52909369469
