7.632647 2.21768466632
15.188629 2.21743496259
31.236585 5.01293698947
39.193948 2.29478939374
48.136645 2.66589172681
55.77414 2.23618205388
63.610429 2.29539235433
71.317682 2.213839372
79.140404 2.29762633642
86.745803 2.22035272916
94.370182 2.23744527499
102.110157 2.23199224472
109.681095 2.2153433164
117.490198 2.29163606962
134.234666 5.27473465602
141.978179 2.23788173993
150.798722 2.62704165777
158.523117 2.25238569578
166.211784 2.25295098623
175.351222 2.68787066142
182.943628 2.20966831843
190.482847 2.20002873739
198.122921 2.22960003217
205.780423 2.20176005363
213.416819 2.23660198847
221.005103 2.21415829659
228.630674 2.226247708
236.368702 2.22875507673
243.977166 2.21901631355
251.578937 2.21405903498
259.240784 2.23663163185
276.049911 5.25834862391
283.641636 2.20961300532
291.311532 2.24548498789
299.270422 2.29662934939
306.960718 2.2475780646
314.529738 2.20818305016
322.203966 2.24252200127
329.978625 2.24076803525
346.773645 5.2843457063
354.679337 2.30561637878
362.521883 2.26607235273
370.128415 2.22159727414
377.631378 2.18802833557
385.18981 2.20407501856
392.810359 2.18978826205
400.483428 2.23571705818
407.991934 2.18493930499
415.67916 2.24725969632
423.351026 2.19708244006
431.124209 2.26742140452
438.680222 2.20168860753
446.486972 2.28047132492
462.686494 5.0527484417
470.188094 2.18111562729
477.777713 2.21009190877
485.467226 2.2016860644
492.974229 2.18033099174
500.566446 2.2052722772
508.072396 2.18120471636
515.778978 2.19851279259
523.681265 2.30939372381
532.639834 2.66107463837
540.232034 2.20447794596
547.922246 2.19427967072
555.494305 2.20011909803
563.113442 2.21382975578
570.687292 2.20615442594
578.497159 2.2405380408
586.366012 2.30339837074
594.155995 2.26817631721
601.897302 2.26288406054
609.553401 2.19024825096
617.040305 2.17827836672
624.697249 2.2371579806
632.286266 2.2116060257
639.963551 2.19906568527
647.497816 2.1943675677
655.057572 2.20198829969
671.06958 5.02111673355
678.792103 2.21123274167
686.312751 2.19161732992
694.068989 2.26499231656
701.875906 2.27855436007
709.632137 2.21854090691
717.15524 2.19088053703
724.711343 2.19993305206
732.267782 2.20183459918
739.927428 2.19721206029
747.712859 2.2643670241
755.252153 2.18987337748
762.79361 2.19757938385
770.617701 2.24687878291
786.610747 5.00420069695
803.407554 5.27522222201
819.519903 5.00907333692
827.095142 2.19539260864
834.683739 2.20612112681
842.391723 2.20160404841
849.945334 2.2028714021
857.503264 2.20179661115
865.140227 2.22530531883
873.081867 2.27182428042
880.623614 2.19038963318
889.512385 2.63948098818
897.06639 2.19996261597
904.756409 2.18658804893
912.532535 2.27088363965
920.352104 2.29003063838
937.149933 5.28407700857
944.974127 2.24172671636
952.511866 2.19298768044
960.318716 2.26710128784
977.152555 5.2938653628
994.248609 5.30209406217
1001.888192 2.23013297717
1009.444132 2.2032122612
1017.231342 2.21670158704
1024.836801 2.21838760376
1032.410063 2.20776867867
1040.215145 2.27493969599
1048.105835 2.26045274734
1055.610764 2.18069561323
1071.624182 5.0139550368
1079.333658 2.19831498464
1086.886648 2.19381856918
1103.666966 5.26761372884
1111.574746 2.24178266525
1119.129545 2.19701727231
1126.671514 2.19408400853
1135.5774 2.64214936892
1143.268874 2.19472201665
1152.243771 2.66982229551
1159.949379 2.24935030937
1176.009458 5.03638410568
1183.647645 2.16776514053
1191.290695 2.21993907293
1198.760141 2.17457604408
1207.672259 2.65789699554
1215.357359 2.19927930832
1222.984456 2.21467979749
1230.640368 2.23206265767
1238.194941 2.20289166768
1254.423787 5.04320136706
1262.211088 2.27233529091
1271.154256 2.66374794642
1278.927943 2.20707329114
1286.431154 2.18155662219
1294.106539 2.24520301819
1301.625968 2.1857483387
1309.549862 2.26571536064
1326.362982 5.28356997172
1334.206665 2.30042894681
1341.892248 2.20082704226
1349.515282 2.22057636579
1358.526337 2.68375595411
1366.061731 2.19506327311
1373.872073 2.22571269671
1381.608067 2.25396291415
1389.099614 2.1813750267
1397.991204 2.64470696449
1405.696749 2.20355375608
1413.30046 2.21639736493
1421.123315 2.2929956913
1428.829634 2.22730676333
1436.468313 2.1805220445
1444.012156 2.19014398257
1451.630859 2.22090554237
1459.187739 2.19569222132
1467.027723 2.24870363871
1474.565874 2.19208963712
1482.322743 2.26852162679
1490.147623 2.28942465782
1497.820146 2.19055533409
1505.377238 2.2034265995
1513.130963 2.26264309883
1520.671568 2.19365803401
1528.377354 2.19495185216
1535.898946 2.18806298574
1543.507183 2.22320143382
1551.128153 2.22076463699
1559.069296 2.28058870633
1566.759763 2.22902568181
1574.368388 2.22589103381
1582.221892 2.28891738256
1589.976844 2.21405935287
1597.518373 2.18512837092
1613.548722 5.01313519478
1621.201244 2.17738962173
1628.690437 2.17810265223
1636.281385 2.21461995443
1644.038932 2.26570741336
1651.960485 2.26363412539
1659.498414 2.19167327881
1667.005698 2.18639365832
1683.917923 5.31263065338
1691.710465 2.22954201698
1699.248034 2.19389533997
1707.174185 2.3116997083
1723.201628 5.02629597982
1730.925868 2.18852170308
1738.545454 2.22950307528
1747.490181 2.65815973282
1755.279392 2.28908530871
1763.019291 2.19663437208
1771.972456 2.66293668747
1780.852671 2.63769968351
1788.688045 2.29586728414
1796.459047 2.20690576235
1805.351885 2.63695971171
1822.148176 5.28484431903
1829.875737 2.19136969248
1837.431286 2.20122392972
1853.477016 5.02980605761
1870.506647 5.29705365499
1878.279093 2.26257435481
1895.043237 5.26982601484
1902.745578 2.18888099988
1910.354184 2.21692872047
1917.927687 2.20213405291
1934.741452 5.28966093063
1942.527278 2.21251900991
1950.167931 2.22510592143
1957.959864 2.28223196665
1965.567792 2.21083569527
1973.586709 2.28465692202
1981.126361 2.19478408496
1988.648879 2.18496870995
1996.359017 2.24798425039
2004.06162 2.18402671814
2011.753037 2.23565300306
2019.492939 2.25997161865
2026.998515 2.18310435613
2034.854873 2.23284260432
2043.744622 2.63605968157
2051.266325 2.18328992526
2059.122421 2.30819034576
2076.103219 5.2724378109
2083.679517 2.20306396484
2091.348672 2.2405090332
2099.140898 2.22246074677
2106.879446 2.25765728951
2114.451612 2.19804167747
2121.956305 2.18277637164
2129.967178 2.25829299291
2137.753148 2.26543323199
2145.358818 2.2126707236
2152.950433 2.21420200666
2162.073905 2.63986913363
2169.699252 2.2185403506
2177.488444 2.26065341632
2185.10879 2.21533958117
2192.880687 2.21227065722
2200.770529 2.30160442988
2208.410115 2.21783264478
2216.249592 2.29162398974
2223.972873 2.18107231458
2231.749539 2.26521833738
2239.536546 2.26363229752
2247.076888 2.19266533852
2263.337722 5.02817034721
2270.847789 2.1781466802
2278.567876 2.25254193942
2286.627144 2.29554907481
2294.413446 2.27710541089
2301.902291 2.17650198936
2309.575543 2.22837567329
2317.467246 2.24264995257
2325.089948 2.22100734711
2332.947139 2.28858311971
2340.599742 2.23277934392
2348.406459 2.19498896599
2356.164122 2.26396473249
2363.739515 2.19757501284
2371.644187 2.31150841713
2387.991094 5.05028994878
2395.812195 2.27406469981
2403.671985 2.3006093502
2419.998361 5.04064790408
2427.504932 2.17570233345
2435.293638 2.26979827881
2443.069985 2.19495638212
2450.642916 2.19769303004
2458.381816 2.26330169042
2475.195975 5.29266866048
2482.98222 2.191918691
2490.808621 2.27877370516
2498.344857 2.18727660179
2505.935573 2.20687508583
2513.990665 2.27642258008
2521.564179 2.19184303284
2529.402578 2.28042769432
2536.908908 2.19414138794
2544.865679 2.26200532913
2552.391467 2.19032263756
2559.982367 2.20515195529
2567.468777 2.18106134733
2575.294264 2.21370037397
2582.800106 2.18177938461
2590.435695 2.2083003521
2597.961489 2.19361996651
2605.681573 2.19374974569
2621.766539 5.04306101799
2629.418226 2.23872001966
2637.090515 2.1851653258
2644.815683 2.25607903798
2652.603396 2.27569731077
2660.161773 2.19662793477
2668.118722 2.26880129178
2677.061895 2.64496366183
2684.598762 2.19213501612
2692.168079 2.20604769389
2701.195672 2.62752771378
2708.797942 2.21701463064
2716.372032 2.19933438301
2723.963837 2.21056159337
2731.650843 2.1847700278
2739.189376 2.1881146431
2746.945633 2.26965959867
2754.488773 2.18127425512
2762.25774 2.20165761312
2770.063753 2.2783443133
2777.606316 2.19314893087
2785.427608 2.28832825025
2793.333019 2.25623146693
2800.939983 2.21384175618
2808.579882 2.23480033875
2816.357432 2.26667801539
2824.057996 2.18571003278
2832.948763 2.64348284403
2841.85929 2.65498757362
2849.431346 2.19949261347
2858.588119 2.66729172071
2867.628383 2.68778101603
2876.540164 2.63996068637
2884.125538 2.21366540591
2892.162991 2.30608057976
2899.903524 2.2566576004
2907.492582 2.20865233739
2915.319036 2.29040265083
2924.458891 2.65977438291
2932.262653 2.2874010404
2939.821545 2.20302097003
2956.598811 5.27191027006
2964.321912 2.18816232681
2971.911247 2.20638990402
2979.43789 2.17740035057
2987.124701 2.23977796237
2994.948279 2.21698101362
3002.773506 2.28961364428
3010.375695 2.21957333883
3018.098263 2.25376200676
3027.160665 2.62944539388
3043.322845 5.06752260526
3050.980583 2.24112725258
3058.82154 2.23555405935
3066.404092 2.20932793617
3073.993702 2.20266564687
3081.685979 2.24676966667
3090.87696 2.67890159289
3098.667338 2.26937119166
3106.271371 2.21151566505
3113.931114 2.2310988903
3123.019669 2.65435942014
3130.626003 2.20225437482
3138.162793 2.19335373243
3145.66873 2.18508036931
3153.407992 2.19826428095
3169.489114 5.04132207235
3177.027541 2.18787431717
3186.087259 2.638702631
3193.627054 2.19139989217
3201.213433 2.21296072006
3209.053011 2.28238129616
3216.791757 2.19089659055
3225.733777 2.65324632327
3233.307716 2.20501327515
3240.913617 2.20407271385
3248.622096 2.19729145368
3256.290729 2.23599759738
3264.130921 2.28911201159
3271.686979 2.20353293419
3279.476147 2.21170401573
3287.083166 2.21038301786
3294.788981 2.2487663428
3302.413419 2.21399243673
3318.610133 5.02301899592
3326.215712 2.21185223262
3333.891579 2.23894135157
3341.644897 2.19347079595
3357.706638 5.03454701106
3365.295472 2.19989037514
3372.968357 2.18384194374
3380.728372 2.25033466021
3388.283873 2.20496296883
3395.938796 2.23559061686
3403.646125 2.19101333618
3411.185529 2.19004034996
3427.281484 5.04051796595
3435.369242 2.29207030932
3443.077918 2.22765962283
3452.102242 2.67901603381
3459.588206 2.17773397764
3467.346348 2.18250703812
3483.475519 5.04983703295
3491.031675 2.19629398982
3499.087245 2.29309503237
3506.880372 2.26959196726
3514.749863 2.30150000254
3522.459077 2.2491153876
3530.331249 2.22157843908
3537.985974 2.225735267
3545.508437 2.18590696653
3554.451872 2.65302101771
3571.565103 5.2860809962
3587.628645 5.03288634618
3595.531699 2.22823731105
3603.071837 2.19207501411
3610.82911 2.24422868093
3618.683651 2.29011964798
3626.473266 2.191873312
3634.164869 2.2452489535
3643.236699 2.68951662381
3650.762171 2.19067295392
3658.799476 2.25915360451
3666.45734 2.22668687503
3674.031649 2.20313064257
3690.092438 5.02507400513
3707.239556 5.28975558281
3716.197769 2.66802366575
3723.98578 2.27311031024
3731.893728 2.23432469368
3739.632272 2.25991042455
3747.421833 2.27776861191
3754.977669 2.19594271978
3763.070529 2.281741937
3770.639777 2.20152306557
3778.301429 2.2267109553
3786.003611 2.24083741506
3793.84426 2.19847369194
3801.715331 2.29479765892
3809.392909 2.23003840446
3816.99619 2.21411331495
3826.138244 2.64159703255
3833.977923 2.28987924258
3841.632197 2.2282529672
3849.370209 2.25138107936
3857.294988 2.2333633105
3864.868912 2.1955186526
3872.422584 2.19244901339
3880.195292 2.26208440463
3887.984765 2.18995388349
3904.831186 5.28981033961
3913.725941 2.64422369003
3921.799196 2.28682176272
3929.318436 2.17327507337
3938.213367 2.64031362534
3945.90041 2.23271361987
3953.988852 2.29041560491
3962.929468 2.65936207771
3970.721278 2.27463102341
3978.293042 2.1985754172
3986.135767 2.24393574397
3993.855015 2.24687957764
4001.44598 2.21058328946
4010.467194 2.68483893077
4018.289798 2.20113070806
4025.896611 2.20613233248
4033.70294 2.277014335
4042.644128 2.6590432326
4059.673826 5.29663443565
4067.280747 2.20898302396
4076.273656 2.67445929845
4084.212029 2.22193733851
4093.155498 2.65816171964
4102.093281 2.64574138323
4109.798238 2.24251659711
4126.897446 5.29291939735
4134.520985 2.20589574178
4142.345572 2.28022233645
4151.501482 2.64196133614
4159.321294 2.28343057632
4168.245477 2.64948232969
4177.320542 2.70610372225
4185.259781 2.23499623934
4192.831454 2.20232931773
4200.588924 2.25843429565
4208.343869 2.25402824084
4216.205364 2.20627411207
4224.07488 2.3008433183
4232.931944 2.63067579269
4240.670241 2.25389575958
4248.695625 2.24769465129
4256.403567 2.24563296636
4263.940881 2.19089142481
4271.796131 2.30193607012
4279.986219 2.31062332789
4287.975178 2.32307394346
4295.69879 2.25421802203
4303.257692 2.19754830996
4311.313887 2.27356441816
4328.108404 5.28226892153
4335.915147 2.27979238828
4343.905245 2.25713968277
4351.779899 2.29767672221
4360.751714 2.66048590342
4368.540657 2.27568968137
4376.583844 2.2784576416
4384.153044 2.1987862587
4401.001265 5.28098829587
4409.177782 2.2880440553
4417.046705 2.30331977208
4424.870759 2.28613607089
4432.458107 2.21016271909
4440.618642 2.3076813221
4448.475941 2.293800354
4456.265818 2.26131772995
4463.985352 2.2538763682
4473.197299 2.65856432915
4482.054862 2.62936004003
4489.688749 2.21105376879
4497.346199 2.23618070285
4505.3854 2.27470644315
4512.975732 2.20721872648
4520.800065 2.27390297254
4528.405571 2.2174847126
4536.362671 2.23598233859
4543.916031 2.1985039711
4551.459028 2.19804906845
4560.46482 2.6757496198
4568.305509 2.20232264201
4585.117206 5.28142793973
4592.908143 2.26993830999
4600.610895 2.19353032112
4608.254896 2.23159702619
4615.874103 2.22114404043
4623.615384 2.25564201673
4631.553754 2.20611095428
4648.401608 5.29201928775
4656.009784 2.21647397677
4663.696116 2.18342661858
4671.305442 2.20943133036
4678.875148 2.19821031888
4686.630918 2.26502927144
4694.588613 2.22226762772
4703.530258 2.64304113388
4712.441032 2.64767893155
4720.308533 2.28832872709
4728.384997 2.27301923434
4735.907805 2.18192402522
4743.44652 2.18578298887
4751.37021 2.31363113721
4759.229221 2.21448326111
4766.879001 2.21803069115
4774.518455 2.23272720973
4782.111621 2.21612914403
4791.216431 2.6501806577
4798.873987 2.23071535428
4814.901051 5.02562872569
4822.992996 2.29274694125
4831.934498 2.64855933189
4839.508697 2.19376444817
4855.637168 5.0492383639
4863.526051 2.20939977964
4872.414605 2.63389539719
4880.303919 2.30357329051
4887.860711 2.1919011275
4897.004267 2.64294807116
4913.815712 5.28347269694
4921.371071 2.19430804253
4930.479399 2.64496183395
4938.085081 2.20335729917
4945.640628 2.19967301687
4953.266302 2.20850904783
4961.091542 2.23024996122
4968.91287 2.27840805054
4976.648977 2.26253493627
4985.644836 2.68171072006
4993.429067 2.20868595441
5001.124138 2.24740894636
5008.611502 2.17800513903
5016.218253 2.19232432048
5024.171021 2.26544308662
5031.876618 2.24123803775
5039.403082 2.18283764521
5046.939553 2.18882139524
5054.89535 2.26064626376
5062.520628 2.21371897062
5070.028595 2.1822373867
5077.6017 2.1936147213
5085.591515 2.24892004331
5093.143332 2.18056996663
5100.799151 2.21322258313
5108.60535 2.28297591209
5116.312621 2.18244965871
5124.172099 2.28234537443
5133.114221 2.65954852104
5140.767077 2.22960400581
5148.558025 2.19798962275
5156.144364 2.19141705831
5163.753964 2.21582659086
5171.458002 2.23709130287
5187.789995 5.05445933342
5195.5261 2.23917595545
5203.416286 2.30261961619
5211.524338 2.28096262614
5219.149909 2.22792299589
5227.004972 2.29457902908
5235.8777 2.63855306307
5243.833695 2.23767606417
5251.77129 2.31706937154
5259.396906 2.21810038884
5266.934173 2.19213263194
5274.840883 2.2005256017
5282.746769 2.30690542857
5290.403562 2.23073069255
5298.028456 2.22353068988
5314.5723 5.04307190577
5322.194911 2.20547501246
5329.854996 2.23615805308
5337.928286 2.27539865176
5345.781229 2.29479543368
5353.722461 2.29756633441
5361.330242 2.20727475484
5369.16691 2.19218405088
5386.00041 5.28674403826
5393.58687 2.20183293025
5401.342271 2.19261129697
