34.391342 3.34820096493
68.679417 3.34606807232
102.975636 3.34736919403
243.133924 13.9328177691
383.436471 13.9448899031
417.834173 3.35301952362
452.211392 3.35310440063
486.544471 3.35039906502
520.865133 3.35003118515
555.1884 3.34781177044
589.607844 3.35591795444
624.003329 3.35632758141
658.409318 3.35688097477
694.961028 3.56717805862
729.426425 3.35581917763
763.845368 3.35544993877
800.370434 3.56505820751
834.926155 3.36384413242
869.380336 3.35950849056
903.843629 3.35930094719
940.412538 3.57015309334
