4.839972 1.22933936119
9.497312 1.19495534897
14.150711 1.19045933088
19.004459 1.23692901929
23.691217 1.20156900088
28.395117 1.21134742101
33.232554 1.25048224131
38.11657 1.21267199516
42.822893 1.20109264056
47.560514 1.21264338493
52.345105 1.22564140956
57.151774 1.23742230733
61.851929 1.19992335637
66.572979 1.21185231209
71.376306 1.20904628436
76.080711 1.19414067268
80.870367 1.23494370778
85.737794 1.24414801598
90.425207 1.19665964444
95.115182 1.20590432485
99.849834 1.2111064593
104.772612 1.20289198558
109.442836 1.1968366305
114.132099 1.20329761505
118.848019 1.20626592636
123.635136 1.22775769234
128.35543 1.20233599345
132.975985 1.17700346311
137.781244 1.20222862562
142.467038 1.20041592916
147.154236 1.19258364042
151.791944 1.19073255857
156.497997 1.20388793945
161.131683 1.17854960759
165.805047 1.19630599022
170.639964 1.20328378677
175.343958 1.20482508341
180.064563 1.21056667964
184.784481 1.20286814372
189.422288 1.16993506749
194.159008 1.20717366536
198.863076 1.20608361562
203.785983 1.20480108261
208.520123 1.2093462944
213.208865 1.18989364306
217.944884 1.19547073046
222.581402 1.18466083209
227.301885 1.20538036029
232.022592 1.20549178123
236.814229 1.19730067253
241.597953 1.22803473473
246.286904 1.19687930743
251.05467 1.22076129913
255.828805 1.22970104218
260.562598 1.21929192543
265.249236 1.19919029872
270.139571 1.22756536802
274.825602 1.20066475868
279.579352 1.21844665209
284.367745 1.23080205917
289.15537 1.23095464706
293.775063 1.17268999418
298.578534 1.23812468847
303.396693 1.20137937864
308.103529 1.20711962382
312.790029 1.20221598943
317.608055 1.2438639005
322.262044 1.19563968976
327.018062 1.21707940102
331.785832 1.2134736379
336.639607 1.21431970596
341.395068 1.22284770012
346.100192 1.20911637942
350.755318 1.1912659804
355.491166 1.21755504608
360.309976 1.23419602712
365.029872 1.20946836472
369.93466 1.23649700483
374.739855 1.22829731305
379.406773 1.19458460808
384.244392 1.24038203557
388.982067 1.21313762665
393.71875 1.20807170868
398.390157 1.19500732422
403.194244 1.19613170624
407.930356 1.20788709323
412.587426 1.19159666697
417.321711 1.20797038078
422.029177 1.19449838003
426.64611 1.18134498596
431.449059 1.22518340747
436.3237 1.21810571353
440.993528 1.1937883695
445.727879 1.21154260635
450.398118 1.19204298655
455.051281 1.18705407778
459.741601 1.19914833705
464.425474 1.19311300913
469.346691 1.22840269407
474.086355 1.20780126254
478.806921 1.21648931503
483.545988 1.21741771698
488.314244 1.21867895126
493.019166 1.20897905032
497.805495 1.23178799947
502.657273 1.20617079735
507.361462 1.19897961617
512.080334 1.20677105586
516.689731 1.17431124051
521.438624 1.21573034922
526.158342 1.20797228813
530.865204 1.20235006015
535.79971 1.24264796575
540.556818 1.218424956
545.261744 1.20872799555
550.045046 1.22311758995
554.801835 1.22247926394
559.452202 1.18624035517
564.256079 1.24058659871
569.059332 1.20143858592
573.663455 1.16477688154
578.317103 1.19316824277
583.108478 1.22886427244
587.80872 1.19506637255
592.545373 1.21572526296
597.216124 1.19083833694
602.055763 1.19151393572
606.791006 1.21266102791
611.377326 1.16808541616
616.051376 1.19553669294
620.754189 1.20380131404
625.488641 1.21224029859
630.159616 1.19663071632
634.94655 1.18885000547
639.616274 1.18847028414
644.43665 1.23964373271
649.257748 1.24018208186
653.961075 1.20498633385
658.635811 1.19487301509
663.421895 1.22647333145
668.260084 1.20402097702
672.963435 1.20574704806
677.580936 1.17996239662
682.321037 1.20846470197
686.990921 1.19325939814
691.724987 1.21015032132
696.4119 1.20227837563
701.215869 1.18069227537
705.920172 1.2089120547
710.590153 1.19409696261
715.261169 1.18127393723
719.898651 1.17744040489
724.501192 1.17578466733
729.206225 1.19954800606
734.075485 1.20637933413
738.796414 1.2073841095
743.51714 1.2048069636
748.22164 1.20821332932
752.910903 1.1914879481
757.562676 1.18900267283
762.164991 1.17184376717
767.038094 1.22002736727
771.790162 1.21308175723
776.463341 1.19773070017
781.097485 1.18713800112
785.817331 1.20255764325
790.491195 1.19481666883
795.241966 1.2177306811
800.115595 1.19861706098
804.817986 1.19730893771
809.519576 1.20389755567
814.240658 1.20442763964
819.07723 1.22665230433
823.734843 1.18590362867
828.471601 1.20824209849
833.305645 1.19534397125
838.108947 1.22501333555
842.812327 1.20516769091
847.499682 1.19716143608
852.207676 1.19845294952
856.991184 1.22340297699
861.748456 1.22098271052
866.616071 1.20636526744
871.368682 1.20847010612
876.039352 1.19731132189
880.794414 1.21131030718
885.464754 1.18013532956
890.167808 1.20304409663
894.937901 1.22751061122
899.825401 1.20489835739
904.632244 1.21378397942
909.382874 1.2242000103
914.120239 1.19451888402
918.843832 1.20712033908
923.510718 1.19597276052
928.235252 1.21377770106
933.118358 1.20245695114
937.791824 1.19717097282
942.527161 1.20474378268
947.200707 1.19065968196
951.950876 1.21586330732
956.673501 1.20733706156
961.341611 1.19410165151
966.295601 1.22475496928
971.01977 1.20395938555
975.820883 1.2070933183
980.54042 1.20615267754
985.211402 1.18538475037
989.882585 1.1936296622
994.555286 1.19357570012
999.476167 1.20822405815
1004.228871 1.2083864212
1008.895594 1.19027264913
1013.618632 1.19769064585
1018.220673 1.16673723857
1022.891087 1.19350361824
1027.611211 1.18498365084
1032.55023 1.19518796603
1037.26994 1.20099043846
1041.956069 1.18891970317
1046.596497 1.17875599861
1051.316084 1.20871933301
1055.970467 1.1817249457
1060.723367 1.21421130498
1065.574222 1.18973739942
1070.363151 1.22197874387
1075.135666 1.21121637026
1079.823287 1.20025436083
1084.574084 1.21651268005
1089.3314 1.20174241066
1094.081621 1.21033875148
1098.968982 1.20243763924
1103.691396 1.20196437836
1108.379494 1.2011710008
1113.016542 1.17717663447
1117.735262 1.20709570249
1122.370085 1.17715462049
1127.02446 1.17188835144
1131.848013 1.17688743273
1136.600972 1.21186439196
1141.353345 1.19791762034
1145.993034 1.18276333809
1150.660038 1.19043898582
1155.397259 1.20257965724
1160.134782 1.20815134048
1165.005168 1.19001166026
1169.829026 1.21610291799
1174.645819 1.23751743635
1179.33704 1.19468331337
1184.05385 1.18155725797
1188.740475 1.19668833415
1193.478413 1.21227701505
1198.384854 1.20299808184
1203.118003 1.20600700378
1208.006285 1.25963973999
1212.662953 1.18809493383
1217.313202 1.18663835526
1221.985171 1.19763000806
1226.790799 1.23124400775
1231.760493 1.20410164197
1236.447642 1.17989428838
1241.183072 1.21482165655
1245.956183 1.19762428602
1250.643309 1.19772299131
1255.428014 1.21736733119
1260.065354 1.18008756638
1265.018693 1.21971670787
1269.77272 1.2240087986
1274.476443 1.19634826978
1279.196092 1.18269960086
1283.921144 1.20688565572
1288.674297 1.1835363706
1293.34164 1.18829600016
1298.295213 1.21921332677
1303.031959 1.2052116394
1307.755733 1.20117044449
1312.459531 1.19565137227
1317.144071 1.18989539146
1321.900149 1.2084449927
1326.651736 1.21236332258
1331.656482 1.20655202866
1336.396219 1.20025340716
1340.995355 1.17161035538
1345.683414 1.19380005201
1350.655156 1.24730976423
1355.340809 1.19485696157
1360.160983 1.22352727254
1365.081897 1.20326709747
1369.93888 1.21821498871
1374.756081 1.24034961065
1379.510825 1.222843647
1384.300901 1.22853549321
1388.984467 1.19317293167
1393.671233 1.19926802317
1399.244263 1.19012467066
1404.080285 1.2336742878
1408.766207 1.19388262431
1413.391054 1.18079463641
1417.976812 1.16375303268
1422.695882 1.20471835136
1427.398814 1.20014627775
1432.35332 1.21364402771
1437.074239 1.19462831815
1441.779348 1.19785563151
1446.480774 1.2018904686
1451.186999 1.19337304433
1455.888049 1.20263028145
1460.541789 1.1842520237
1465.529645 1.21986643473
1470.24941 1.20077967644
1474.953807 1.20345163345
1479.710351 1.21248841286
1484.344026 1.17566831907
1489.081269 1.21107363701
1493.701332 1.17779072126
1498.709932 1.22106599808
1503.413245 1.19985365868
1508.1658 1.21338144938
1513.037687 1.24117636681
1517.687731 1.18367592494
1522.428935 1.21420995394
1527.228932 1.23741992315
1532.23565 1.21789089839
1536.935911 1.19601106644
1541.62419 1.20068764687
1546.444182 1.24192134539
1551.148457 1.19033137957
1556.019133 1.2425506115
1560.856475 1.23074531555
1565.793314 1.19297909737
1570.479696 1.19658541679
1575.284538 1.23255165418
1580.074043 1.22523498535
1584.758564 1.18316801389
1589.578016 1.22507206599
1594.249566 1.18540175756
1599.138913 1.19269665082
1603.856971 1.20311164856
1608.564444 1.1997350057
1613.331329 1.21090062459
1618.067717 1.21652332942
1622.841891 1.21942472458
1627.525878 1.19747837385
1632.431495 1.20499237378
1637.133864 1.19664502144
1641.889366 1.21319572131
1646.607875 1.20771598816
1651.328752 1.20334362984
1656.182002 1.24467134476
1660.939476 1.21630334854
1665.940363 1.22547459602
1670.759955 1.23266069094
1675.430871 1.19598635038
1680.251787 1.22602367401
1685.009054 1.22198573748
1689.728237 1.20371866226
1694.579723 1.23753666878
1699.467562 1.17822472254
1704.204275 1.19568157196
1708.90712 1.19587159157
1713.714325 1.22704529762
1718.39818 1.19638609886
1722.988831 1.15743470192
1727.739923 1.21504124006
1732.693861 1.22112464905
1737.430614 1.20793032646
1742.134946 1.20168932279
1746.824575 1.19692460696
1751.55903 1.20290970802
1756.231913 1.19228808085
1760.967084 1.21244263649
1765.907179 1.20081361135
1770.5572 1.1829542319
1775.260665 1.1959836483
1780.00077 1.21152623494
1784.706192 1.1973186334
1789.373355 1.19268425306
1794.113051 1.20915834109
1799.11398 1.21858700116
1803.817498 1.19713775317
1808.524265 1.19722636541
1813.240932 1.20731131236
1817.944695 1.20051693916
1822.682474 1.21066204707
1827.505957 1.23763561249
1832.556972 1.24354434013
1837.263507 1.19405062993
1841.997561 1.21273533503
1846.702051 1.19733500481
1851.455453 1.21413818995
1856.276075 1.24053001404
1861.180093 1.24916172028
1866.217146 1.22856672605
1871.021238 1.23884065946
1875.795667 1.21828468641
1880.577993 1.22402262688
1885.349776 1.21821562449
1890.040933 1.19489868482
1894.874139 1.24489370982
1899.812268 1.21508200963
1904.498417 1.1988363266
1909.269007 1.22349468867
1913.941186 1.18593732516
1918.62808 1.1918296814
1923.362855 1.21122193336
1928.153747 1.23123526573
1933.108157 1.20037968953
1937.810768 1.19763565063
1942.481784 1.19192369779
1947.249378 1.21551537514
1951.969678 1.20717867215
1956.690789 1.20307230949
1961.377344 1.19704270363
1966.335411 1.20644903183
1971.018227 1.19388794899
1975.739289 1.21035997073
1980.475998 1.20025491714
1985.282396 1.24261069298
1989.98791 1.20061333974
1994.786883 1.21300363541
1999.70756 1.2095096906
2004.53131 1.22687061628
2009.231586 1.19424533844
2014.12116 1.24072400729
2018.840274 1.20607169469
2023.527422 1.19436605771
2028.248304 1.20364697774
2033.355107 1.23148496946
2038.138365 1.21374471982
2042.962288 1.25270207723
2047.763052 1.23359560966
2052.566103 1.22657799721
2057.320469 1.21034526825
2062.091324 1.22975802422
2067.111871 1.20506270727
2071.833364 1.19950397809
2076.619797 1.22775268555
2081.373252 1.21219102542
2086.011356 1.18100357056
2090.834629 1.23358058929
2095.567459 1.20519709587
2100.508582 1.22084228198
2105.228233 1.19965632757
2110.000361 1.21761226654
2114.636329 1.17412400246
2119.353165 1.19950723648
2124.074818 1.19653662046
2128.761661 1.19023100535
2133.631475 1.18744500478
2138.319045 1.18922909101
2143.059089 1.2126250267
2147.762047 1.19420687358
2152.384372 1.17324360212
2157.167014 1.21675038338
2161.925133 1.2125796477
2166.958481 1.21449597677
2171.630196 1.18260169029
2176.33319 1.19962294896
2181.039285 1.18781193097
2185.742957 1.20384565989
2190.631148 1.25179640452
2195.368651 1.19755037626
2200.251878 1.20114501317
2205.072823 1.23618094126
2209.711691 1.17100604375
2214.513896 1.23556303978
2219.27056 1.21707590421
2224.054687 1.23324799538
2228.758074 1.20381522179
2233.748731 1.20030872027
2238.415979 1.18450673421
2243.087132 1.19299332301
2247.840306 1.21398258209
2252.594292 1.200202624
2257.465674 1.24645400047
2262.201572 1.21000973384
2267.138955 1.18595099449
2271.959386 1.23584866524
2276.713189 1.21346465747
2281.520094 1.2243522803
2286.207945 1.20389493306
2290.924454 1.20422561963
2295.628314 1.20382277171
2300.669942 1.22142958641
2305.37349 1.20068804423
2310.039953 1.18802769979
2314.795737 1.21346433957
2319.599797 1.22656726837
2324.36898 1.20032366117
2329.1554 1.22043236097
2334.025929 1.1797610124
2338.879538 1.245723327
2343.650655 1.22594277064
2348.338047 1.18275467555
2353.057858 1.20303765933
2357.762444 1.20449964205
2362.499198 1.21348722776
2367.603647 1.23476266861
2372.259671 1.18568817774
2376.914245 1.18153508504
2381.731823 1.22770778338
2386.434349 1.19723463058
2391.121966 1.19804358482
2395.877302 1.21483763059
2400.829512 1.22451066971
2405.616815 1.2268764178
2410.40407 1.22841437658
2415.209302 1.23129272461
2419.93074 1.20784974098
2424.648701 1.19623438517
2429.418959 1.2125992775
2434.389949 1.19393833478
2439.144106 1.21000933647
2443.850403 1.20535405477
2448.4719 1.17025502523
2453.155448 1.18540159861
2457.891708 1.21268026034
2462.578881 1.19302137693
2467.502636 1.18688495954
2472.221071 1.20325962702
2476.958647 1.20673259099
2481.727697 1.20818305016
2486.482317 1.215955019
2491.1852 1.20759590467
2495.855757 1.18925523758
2500.893507 1.24121634165
2505.646933 1.21319532394
2510.351126 1.19964297613
2515.187892 1.23434933027
2519.891649 1.19800297419
2524.613053 1.19883871078
2529.436175 1.23935031891
2534.487101 1.2229625384
2539.31136 1.22585932414
2543.978394 1.18706591924
2548.66444 1.19775501887
2553.388998 1.20577732722
2558.059447 1.18745263418
2562.797701 1.213174661
2567.867463 1.21463767687
2572.704555 1.23781339327
2577.38953 1.2007569472
2582.111432 1.2001756827
2586.862439 1.2188847065
2591.632036 1.2188103199
2596.338395 1.19778561592
2601.356815 1.20111044248
2605.964108 1.1691883405
2610.66779 1.19538561503
2615.405376 1.20623660088
2620.058475 1.18380427361
2624.943155 1.25957393646
2629.629705 1.19083603223
2634.501795 1.18729837735
2639.221591 1.20318229993
2644.059663 1.23863132795
2648.79895 1.21185127894
2653.552753 1.21251598994
2658.354626 1.21857666969
2663.156371 1.22552537918
2668.180776 1.211536328
2672.917312 1.208365043
2677.671769 1.22110374769
2682.342707 1.18433229129
2687.079925 1.21926673253
2691.817304 1.21019506454
2696.587155 1.20810437202
2701.707248 1.25089629491
2706.327061 1.17263468107
2711.162051 1.23433089256
2715.932267 1.22207697233
2720.635943 1.20433306694
2725.359886 1.20591902733
2730.177418 1.23307871819
2735.198143 1.22715425491
2739.952243 1.2109020551
2744.691771 1.19926929474
2749.393092 1.19146196047
2754.179718 1.22176369031
2758.987833 1.23371799787
2763.771344 1.22244000435
2768.827115 1.20618073146
2773.516072 1.19302662214
2778.319884 1.23640465736
2783.019455 1.19643934568
2787.692105 1.18494462967
2792.427689 1.2127096653
2797.180726 1.21833022436
2802.134531 1.19606439273
2806.838317 1.1975467205
2811.494999 1.18182833989
2816.233103 1.20749926567
2821.033348 1.23943901062
2825.770177 1.20668562253
2830.527262 1.21217926343
2835.562361 1.21803744634
2840.298428 1.19557634989
2844.969993 1.19024538994
2849.692604 1.20428991318
2854.430823 1.21217505137
2859.098653 1.18725760778
2863.93637 1.24220760663
2869.108955 1.25592096647
2873.877859 1.20608377457
2878.681063 1.21009866397
2883.516656 1.23954510689
2888.238692 1.19977958997
2893.094547 1.251537323
2897.762916 1.19138002396
2902.815951 1.22516934077
2907.636173 1.23111136754
2912.39011 1.21754463514
2917.094539 1.19626808167
2921.848279 1.20755799611
2926.718332 1.24754699071
2931.425695 1.19849967957
2936.476518 1.21702098846
2941.296918 1.23585073153
2946.071242 1.22364203135
2950.790867 1.18993719419
2955.495017 1.20325668653
2960.244669 1.21289944649
2964.968465 1.20541032155
2970.387032 1.32591040929
2975.308061 1.25889571508
2980.178078 1.24295091629
2984.948445 1.21150835355
2989.688761 1.21498425802
2994.458136 1.22536468506
2999.2433 1.22855440776
3004.346755 1.22462598483
3009.184499 1.24402165413
3013.888807 1.18862263362
3018.745732 1.24770140648
3023.463518 1.19279869397
3028.266328 1.2316215833
3033.170612 1.25537808736
3038.324673 1.24798607826
3043.164497 1.24563995997
3047.881836 1.1944650809
3052.620167 1.20975534121
3057.323702 1.20114270846
3062.127121 1.23213092486
3066.847408 1.20448430379
3071.934826 1.23236036301
3076.755618 1.23599139849
3081.479635 1.19619441032
3086.112832 1.17713507016
3090.817354 1.19257338842
3095.620612 1.22470577558
3100.324208 1.20114421844
3105.38022 1.23195330302
3110.131755 1.20814959208
3114.852165 1.20892326037
3119.543199 1.19256560008
3124.39621 1.2370197773
3129.133615 1.20786070824
3133.80123 1.18134665489
3138.855263 1.20483398438
3143.595741 1.20230142275
3148.349957 1.2184929053
3153.133268 1.21009890238
3157.836896 1.19763239225
3162.574135 1.21340195338
3167.328568 1.20110209783
3172.285595 1.18554997444
3177.085562 1.21939301491
3181.805893 1.20066626867
3186.497143 1.19760036469
3191.248004 1.21205027898
3196.121042 1.24223367373
3200.923333 1.23534703255
3205.760962 1.17186705271
3210.615284 1.24425967534
3215.434019 1.22235504786
3220.15678 1.20745531718
3224.860953 1.19627698263
3229.628138 1.21223473549
3234.398209 1.21511530876
3239.569175 1.22448198001
3244.359753 1.22982867559
3249.062097 1.20344034831
3253.847427 1.21963604291
3258.621701 1.22440473239
3263.288854 1.18667236964
3267.975501 1.18703095118
3272.929104 1.19486625989
3277.633701 1.19567942619
3282.370788 1.20965266228
3287.125011 1.20656832059
3291.795473 1.18617161115
3296.416999 1.17251547178
3301.068607 1.18296233813
3306.156439 1.23672143618
3310.913191 1.21261493365
3315.616811 1.20443797112
3320.371349 1.2200264136
3325.10503 1.20405522982
3329.895586 1.22850871086
3334.699056 1.22667336464
3339.766543 1.22011391322
3344.437742 1.18418860435
3349.274634 1.24052000046
3354.011184 1.20295532544
3358.767586 1.21557188034
3363.487741 1.20222536723
3368.356798 1.24035994212
3373.377363 1.19592936834
3378.13035 1.21271133423
3382.969719 1.23151000341
3387.758511 1.22126801809
3392.392108 1.17731428146
3397.113617 1.20035433769
3401.966157 1.23176836967
3407.006949 1.20578964551
3411.741258 1.20307461421
3416.549059 1.23122700055
3421.348945 1.236439387
3426.219188 1.24128127098
3430.975455 1.21230737368
3435.713917 1.20682764053
3440.714142 1.19223793348
3445.434348 1.19371970495
3450.187846 1.21605094274
3454.875169 1.19382230441
3459.582625 1.20266270638
3464.452102 1.24386835098
3469.154406 1.18554576238
3474.307282 1.23733464877
3479.061488 1.20224936803
3483.766046 1.19905972481
3488.522222 1.21636168162
3493.273118 1.2122716109
3498.026876 1.21438042323
3502.764529 1.21015135447
3507.737937 1.18590402603
3512.438733 1.19241166115
3517.308912 1.24418616295
3521.996196 1.19277588526
3526.638022 1.18011395137
3531.42071 1.22126332919
3536.177375 1.2202603817
3541.195012 1.21560033162
3546.015363 1.23416892687
3550.838516 1.23207163811
3555.673246 1.24220403035
3560.52691 1.24310708046
3565.250391 1.21057160695
3569.967825 1.19872935613
3575.091802 1.23820638657
3579.81235 1.20829606056
3584.579955 1.21267127991
3589.36878 1.21660796801
3594.036941 1.18802396456
3598.758502 1.1993235747
3603.561403 1.22626964251
3608.582649 1.20115796725
3613.322709 1.20642002424
3618.139498 1.23614605268
3622.893057 1.2164996465
3627.513658 1.17112803459
3632.184438 1.19324167569
3636.992422 1.23569830259
3642.112408 1.21939166387
3646.812391 1.20283063253
3651.50015 1.19124539693
3656.304259 1.21931473414
3661.094613 1.21660399437
3665.814856 1.20991269747
3670.815923 1.24796636899
3675.820508 1.19861038526
3680.556158 1.20515608788
3685.346478 1.23578826586
3690.085226 1.20748607318
3694.905082 1.23513793945
3699.672357 1.21070067088
3704.492601 1.22551337878
3709.596518 1.21321996053
3714.45427 1.2339553833
3719.256286 1.21962722143
3723.927642 1.1866590182
3728.681967 1.20374234517
3733.448555 1.22791409492
3738.172689 1.20322370529
3743.173835 1.2059973081
3747.910809 1.20351894697
3752.667381 1.20989831289
3757.552448 1.24818325043
3762.572957 1.25383400917
3767.209978 1.17077589035
3771.946925 1.20898063978
3776.98442 1.19807537397
3781.722467 1.20749704043
3786.492108 1.22389364243
3791.179999 1.18894171715
3795.865396 1.19051758448
3800.636527 1.20817168554
3805.357293 1.19949865341
3810.412301 1.19656594594
3815.114358 1.20364101728
3819.801686 1.19564898809
3824.488919 1.19665209452
3829.160163 1.19050264359
3833.79613 1.17964545886
3838.735852 1.25567126274
3843.85717 1.24475240707
3848.595002 1.19826372464
3853.378981 1.22119863828
3858.132176 1.2164747715
3862.852481 1.19661037127
3867.577058 1.20150462786
3872.294464 1.21050953865
3877.367696 1.20955737432
3882.067928 1.18912800153
3886.842599 1.22374534607
3891.526184 1.18283605576
3896.179447 1.18285973867
3900.883321 1.20639872551
3905.73718 1.23002314568
3910.794678 1.21029090881
3915.62795 1.22913901011
3920.365702 1.20048276583
3925.288514 1.25050036112
3930.123746 1.2321990331
3934.864651 1.2078230381
3939.597462 1.1969136397
3944.6353 1.21409169833
3949.405196 1.22079602877
3954.092357 1.18852368991
3958.896506 1.22933570544
3963.568005 1.18520466487
3968.304659 1.20551594098
3973.01126 1.19405357043
3978.04602 1.19698897998
3982.749343 1.20114477475
3987.553077 1.22635062536
3992.260707 1.20130769412
3997.028037 1.21999033292
4001.865202 1.24288439751
4006.801713 1.25828369459
4011.805226 1.18189541499
4016.543226 1.20959830284
4021.329328 1.22350239754
4026.087729 1.22164305051
4030.788181 1.20174161593
4035.525243 1.21163868904
4040.248516 1.2001970609
4045.219866 1.17801992098
4049.873269 1.1732339859
4054.540539 1.18627564112
4059.280497 1.20576397578
4064.065811 1.20845595996
4068.81832 1.21216169993
4073.538245 1.20759836833
4078.695823 1.23889636993
4083.480575 1.22044197718
4088.233933 1.21843465169
4093.070985 1.22330490748
4097.775182 1.19500557582
4102.431136 1.18085106214
4107.232976 1.22685360909
4112.236395 1.1912343502
4116.923373 1.18802499771
4121.663513 1.2074063619
4126.430556 1.19849562645
4131.221141 1.23785638809
4136.009255 1.21330833435
4140.759352 1.22137641907
4145.715806 1.20504434903
4150.584142 1.25165263812
4155.254716 1.19147499402
4160.058877 1.22574567795
4164.729404 1.18287189802
4169.435957 1.19184708595
4174.152761 1.18913435936
4179.256086 1.20098106066
4184.011849 1.20428999265
4188.817895 1.23368430138
4193.652066 1.23500156403
4198.33969 1.19837244352
4203.078948 1.20491631826
4207.766114 1.18160065015
4212.919316 1.2355000178
4217.704705 1.22501556079
4222.359474 1.17958728472
4227.211767 1.24343975385
4231.983067 1.22850569089
4236.754149 1.20876042048
4241.640798 1.19358992577
4246.712176 1.18791898092
4251.481027 1.21671470006
4256.168584 1.19305594762
4260.956004 1.21392162641
4265.679389 1.20500731468
4270.430155 1.21087304751
4275.133853 1.19214773178
4280.137701 1.21817366282
4284.974617 1.23971994718
4289.765583 1.22386463483
4294.670034 1.21297128995
4299.620217 1.23425332705
4304.473828 1.24155298869
4309.32868 1.24876006444
4314.284253 1.19721436501
4319.106292 1.23010468483
4323.839811 1.21000337601
4328.594053 1.21269933383
4333.314448 1.1982336839
4338.034124 1.1961162885
4342.808059 1.2159213225
4347.975504 1.21498370171
4352.666131 1.19579935074
4357.366761 1.20221002897
4362.103607 1.20451903343
4366.827101 1.19638196627
4371.545298 1.20584996541
4376.231306 1.18781161308
4381.351852 1.22736700376
4386.026124 1.18235611916
4390.777221 1.20361836751
4395.514268 1.20469601949
4400.200935 1.19266096751
4404.975089 1.21652007103
4409.894842 1.26063696543
4415.032594 1.21020746231
4419.886152 1.24758799871
4424.720668 1.2472439607
4429.542225 1.22315804164
4434.211078 1.19299125671
4438.933282 1.20248428981
4443.753779 1.23597304026
4448.790807 1.19096597036
4453.530009 1.2035630544
4458.414264 1.24715002378
4463.154897 1.21082695325
4467.892005 1.19896968206
4472.642289 1.21116002401
4477.399888 1.2242846489
4482.383198 1.18643299739
4487.104107 1.19994799296
4492.027849 1.25115696589
4496.74843 1.20216663678
4501.466153 1.20565565427
4506.319721 1.24795262019
4511.07304 1.20985102654
4516.160912 1.19922105471
4521.014434 1.24141939481
4525.755419 1.20687699318
4530.507121 1.2083392938
4535.275896 1.22219602267
4539.912844 1.18533627192
4544.699737 1.2174829642
4549.807877 1.21077736219
4554.710591 1.2582423687
4559.42828 1.20581642787
4564.337314 1.25056703885
4569.037154 1.19360502561
4573.742375 1.19751795133
4578.443708 1.21282140414
4583.547532 1.21917438507
4588.289063 1.20511070887
4593.008535 1.20031166077
4597.776874 1.20926435788
4602.580387 1.22839164734
4607.316811 1.20443725586
4611.986972 1.1900510788
4617.208424 1.23983637492
4621.89831 1.19292799632
4626.615658 1.19618225098
4631.353092 1.19966697693
4636.057022 1.19063234329
4640.844005 1.21761139234
4645.600017 1.21586696307
4650.655033 1.19553128878
4655.358688 1.20115701358
4660.179138 1.2290956974
4664.963261 1.22417140007
4669.633474 1.19112165769
4674.440456 1.23059272766
4679.160972 1.20688772202
4684.295806 1.22363026937
4689.315911 1.28678758939
4694.0722 1.19282404582
4698.907642 1.22338628769
4703.710681 1.22824064891
4708.450098 1.20801067352
4713.218609 1.218075037
4718.357617 1.1852042675
4723.077481 1.20140067736
4727.934188 1.22880411148
4732.800711 1.22227390607
4737.521051 1.20078730583
4742.525174 1.29550170898
4747.24572 1.19756833712
4752.350015 1.22308095296
4757.357004 1.2946656545
4762.358453 1.20893669128
4767.080854 1.20006728172
4771.766112 1.19282261531
4776.603429 1.23440027237
4781.408002 1.21811103821
4786.528744 1.21140734355
4791.231971 1.19280234973
4795.903172 1.17522064845
4800.772428 1.24445287387
4805.493705 1.20764334997
4810.279809 1.22426525752
4814.999909 1.18744794528
4820.438013 1.26202193896
4825.579697 1.28573830922
4830.615196 1.24156196912
4835.285378 1.18661093712
4840.005085 1.2039150397
4844.740935 1.21213356654
4849.444763 1.19143104553
4854.518462 1.2036186854
4859.253077 1.2046093146
4863.940173 1.1927262942
4868.677481 1.21656441689
4873.496935 1.237311999
4878.251737 1.21490629514
4883.054931 1.23844408989
4888.175338 1.21479733785
4892.932617 1.19804000854
4897.700133 1.21994400024
4902.506667 1.21729866664
4907.37448 1.24871214231
4912.181588 1.22781999906
4916.932922 1.21092200279
4922.136098 1.23260362943
4926.844452 1.19985040029
4931.593523 1.21525796254
4936.367922 1.21065386136
4941.370819 1.28467599551
4946.222616 1.23493456841
4950.909737 1.18275705973
4955.933236 1.19626601537
4960.635129 1.19260303179
4965.438423 1.22684931755
4970.308272 1.24112606049
4975.012688 1.19426170985
4979.833014 1.24313290914
4984.669839 1.24390268326
4989.87395 1.23380176226
4994.730475 1.24404263496
4999.598693 1.2529036204
5004.335815 1.20441238085
5009.058754 1.20978093147
5013.859677 1.24261601766
5018.497711 1.18668174744
5023.504665 1.20043301582
5028.337605 1.23230131467
5033.162694 1.23518530528
5038.045548 1.23953970273
5042.900463 1.23733433088
5047.672537 1.21450066566
5052.424525 1.20651578903
5057.695454 1.24175198873
5062.469492 1.21939873695
5067.169639 1.18650221825
5071.973357 1.22096538544
5076.744677 1.21431899071
5082.204459 1.29568036397
5088.002379 1.33372704188
5093.511192 1.28083229065
5098.164475 1.18224334717
5102.898376 1.20659375191
5107.726474 1.22930534681
5112.840355 1.31746546427
5117.944161 1.31015825272
5122.683314 1.20966100693
5127.855129 1.21984823545
5132.573079 1.20136737823
5137.394814 1.22305035591
5142.098811 1.19853965441
5146.869334 1.20946232478
5151.520385 1.17797334989
5156.340653 1.23071773847
5161.410965 1.2154583931
5166.186298 1.2147749265
5170.869491 1.18923338254
5175.672668 1.22658228874
5180.427755 1.20568529765
5185.164686 1.21163535118
5189.870672 1.1961962382
5195.088845 1.22844465574
5199.762665 1.18440143267
5204.579836 1.23514533043
5209.434533 1.24183893204
5214.256748 1.22710887591
5220.110097 1.38677302996
5231.018069 1.23635387421
5235.721374 1.19207811356
5240.592189 1.21129465103
5245.34889 1.2182393074
5250.086683 1.20439267159
5254.870603 1.21738998095
5259.974342 1.21427599589
5264.798066 1.23067736626
5269.551681 1.20896228155
5274.302934 1.210064888
5279.122952 1.2251692613
5283.827032 1.19341691335
5288.583517 1.21697537104
5293.7707 1.2346303463
5298.52369 1.21062437693
5303.225601 1.19849896431
5307.948787 1.19894107183
5312.768531 1.24444198608
5317.473586 1.20169933637
5322.294615 1.2274424235
5327.36134 1.20201865832
5330.697562 0.7348985672
5332.416756 0.225344260534
5334.97951 0.241521040599
5336.907946 0.261972030004
5338.779418 0.236430644989
5340.61609 0.220143715541
5342.595587 0.260676701864
5344.474735 0.235026280085
5346.50247 0.263113975525
5348.367511 0.219910939535
5350.359934 0.27663064003
5352.215912 0.221296230952
5354.173193 0.239532709122
5356.561038 0.265780051549
5358.564169 0.24077741305
5360.558163 0.26100285848
5362.526394 0.250129620234
5364.48671 0.247699658076
5366.4328 0.243756373723
5368.406913 0.244311412175
5370.287118 0.228305021922
5372.180106 0.224059740702
5374.153573 0.238512516022
5376.097158 0.228055318197
5378.085726 0.242259979248
5380.04694 0.250588734945
5382.044714 0.238464991252
5384.002979 0.24104698499
5386.041064 0.263480027517
5388.3255 0.24698527654
5390.338228 0.25482360522
5392.339376 0.251908620199
5394.356285 0.250675916672
5396.44737 0.268545071284
5398.49243 0.273029963175
5400.499364 0.248571316401
