9.129484 0.708552527428
17.938504 0.680310082436
26.369509 0.652175283432
34.655895 0.641335058212
43.245197 0.663404297829
321.660429 27.6740623713
360.667601 3.69505660534
370.881323 0.78337996006
649.42112 27.6682838917
657.336985 0.594900584221
665.15835 0.603495025635
673.161193 0.622729158401
680.994353 0.610650038719
689.072528 0.624650287628
697.368825 0.645726847649
705.417308 0.625917553902
713.122241 0.593084216118
720.908992 0.600125384331
728.71953 0.601187872887
736.555669 0.604137706757
