2.943279 0.191863512993
5.77174 0.19929163456
8.629987 0.201237177849
11.414364 0.188982415199
14.22669 0.199190068245
16.914779 0.186141657829
19.588435 0.182462787628
22.370741 0.192939281464
25.112581 0.189677429199
27.938293 0.193725371361
30.784359 0.20002014637
33.682641 0.197454595566
36.558979 0.201763010025
39.29473 0.190042424202
41.98715 0.186303925514
44.828587 0.202615046501
47.548084 0.188634586334
50.238206 0.183546948433
53.007248 0.194885659218
55.736823 0.1898904562
58.48688 0.191109108925
61.146302 0.182924580574
63.987438 0.191189742088
66.755084 0.191727852821
69.528901 0.196060919762
72.210893 0.184974002838
74.935654 0.18774189949
77.786268 0.201648712158
80.659596 0.203506779671
83.51259 0.202114844322
86.346345 0.199271178246
89.202345 0.199974727631
92.159511 0.213144874573
95.217969 0.209094429016
98.039409 0.200156116486
100.88392 0.199772405624
103.550349 0.182063341141
106.367684 0.199262523651
109.064755 0.187851405144
111.833105 0.194029593468
114.5912 0.190661072731
117.361466 0.192837715149
120.132354 0.19279923439
122.827634 0.186303114891
125.633285 0.184583449364
128.340427 0.187099695206
131.175608 0.198684453964
133.968723 0.194546627998
136.723353 0.18995950222
139.463942 0.189898991585
142.088507 0.180024123192
144.839404 0.193706536293
147.697482 0.202340602875
150.51013 0.197587513924
153.324434 0.197276091576
156.246625 0.196628117561
158.869944 0.178937768936
161.74538 0.204066777229
164.536114 0.196164798737
167.319845 0.195646429062
170.055603 0.190955710411
172.681931 0.178917264938
175.489462 0.195099329948
178.26549 0.19201464653
181.001813 0.188972830772
183.832303 0.199037265778
186.738922 0.193932676315
189.571692 0.198015141487
192.329686 0.191281485558
195.19298 0.202941703796
198.085697 0.203730463982
200.781171 0.185811114311
203.609075 0.198749160767
206.404698 0.194929885864
209.053658 0.18108317852
211.755814 0.185496020317
214.674369 0.206728601456
217.557531 0.191083812714
220.281753 0.186909079552
223.015437 0.190783143044
225.890334 0.202697467804
228.687868 0.191271710396
231.401667 0.186324000359
234.188926 0.192993617058
236.908101 0.187225675583
239.708131 0.195735669136
242.559722 0.200278711319
245.266108 0.187128806114
248.226975 0.19716694355
251.049013 0.196179056168
253.760012 0.187655115128
256.606343 0.20049932003
259.311395 0.184956145287
262.051903 0.1903652668
264.820101 0.192319297791
267.744678 0.208010005951
270.568231 0.198320102692
273.328884 0.193451809883
276.044342 0.18763358593
278.933011 0.191826748848
281.690193 0.19057803154
284.366779 0.182764697075
287.040572 0.184468793869
289.728599 0.184462928772
292.57295 0.199914383888
295.250866 0.18408396244
297.956673 0.188871979713
300.798909 0.197187376022
303.614848 0.198037910461
306.481009 0.20139939785
309.356459 0.193262577057
312.11367 0.192436671257
314.938118 0.198449373245
317.724039 0.189689922333
320.447986 0.18835682869
323.170703 0.187182974815
325.841197 0.18173854351
328.625341 0.193299484253
331.450557 0.197321796417
334.282887 0.198248529434
337.198641 0.2064027071
340.124932 0.196128439903
342.8382 0.185421299934
345.434225 0.177222061157
348.183249 0.190603494644
351.01374 0.198911380768
353.726757 0.188328480721
356.444596 0.188252186775
359.153444 0.187352705002
361.954459 0.196528625488
364.721414 0.192680430412
367.532807 0.197296404839
370.345085 0.184912967682
373.098496 0.191413664818
375.829419 0.190661692619
378.733304 0.206556081772
381.577704 0.200393176079
384.393518 0.197646212578
387.228533 0.200589585304
390.073198 0.201681208611
392.845546 0.192544054985
395.583101 0.190189290047
398.418749 0.199100589752
401.257489 0.18861181736
404.036866 0.193459177017
406.698141 0.182289385796
409.4874 0.194431185722
412.292181 0.195958971977
415.156004 0.202140450478
417.995497 0.199083995819
420.853496 0.200954318047
