15.062076 1.32661292553
31.560327 1.48179728985
61.316118 2.79195723534
76.391764 1.33927261829
92.24638 1.40292594433
125.458442 3.15143067837
138.854725 1.15624544621
152.031775 1.142786026
165.298685 1.15197637081
244.952155 7.79524204731
258.377871 1.16020038128
271.477903 1.13590397835
284.751513 1.15209634304
298.091767 1.15075316429
311.356281 1.1526794672
324.596294 1.14963181019
340.75075 1.43055231571
354.115177 1.16459152699
370.403961 1.45538918972
386.163674 1.39356863499
399.493302 1.1573120594
415.374496 1.41357443333
435.164311 1.79508788586
451.094749 1.42351219654
466.994873 1.40212042332
483.786904 1.50990660191
497.228533 1.15975692272
513.338797 1.43613965511
526.575852 1.14981017113
542.836154 1.44279968739
556.147196 1.15730936527
571.979094 1.40933568478
589.374714 1.55449078083
602.586672 1.14735321999
615.871131 1.14317624569
632.619331 1.50739467144
646.126704 1.17067022324
659.488643 1.15331764221
733.167849 7.21408205032
749.138631 1.41143746376
764.955413 1.40867857933
781.824652 1.50938105583
795.148843 1.15998487473
825.516854 2.85883042812
838.740578 1.13903303146
854.675636 1.41941421032
867.94921 1.15415258408
882.746108 1.29595372677
962.183382 7.78660607338
994.051017 3.00676312447
1007.794566 1.18893809319
1022.075786 1.25302066803
1095.687347 7.20793328285
1111.641392 1.41072559357
1128.430507 1.51236889362
1142.051302 1.17746214867
1158.047643 1.42768437862
1174.207213 1.44734604359
1187.548338 1.15038368702
1200.818852 1.15453751087
1217.460479 1.50193705559
1230.829684 1.15139877796
1244.23929 1.16726367474
1264.177507 1.81881408691
1279.244015 1.31157081127
1296.261079 1.52096271515
1313.892472 1.57089157104
1330.695706 1.49820890427
1347.51564 1.49903006554
1361.732369 1.24507660866
1376.620266 1.29649319649
1451.051524 7.28396151066
1464.512406 1.15969529152
1484.967418 1.87643072605
1498.360137 1.15285999775
1514.212604 1.41009638309
1527.547513 1.16024303436
1540.962435 1.15563099384
1572.571363 2.99374408722
1585.837521 1.14227108955
1602.489599 1.48686947823
1617.084631 1.27710011005
1634.432225 1.54672358036
1648.624877 1.24652407169
1666.286647 1.57170455456
1683.911709 1.57865169048
1698.653471 1.28700072765
1716.775991 1.63724558353
1734.424145 1.5748963356
1749.13753 1.2909188509
1767.820763 1.67506177425
1782.413123 1.27703382969
1857.673938 7.3545879364
1870.783143 1.12614605427
1885.188353 1.26584203243
1902.356074 1.5351449728
1917.211786 1.29317207336
1934.074826 1.50521395206
1948.438522 1.2527271986
1963.081138 1.29020154476
1977.848609 1.29568605423
1992.516723 1.2736577034
2009.964228 1.56112532616
2084.532207 7.28439404964
2097.786006 1.14103953838
2112.611224 1.31507649422
2128.687549 1.43256397247
2142.109919 1.15375490189
2158.7919 1.49342563152
2174.950436 1.44385039806
2189.53622 1.26657328606
2206.647165 1.53458778858
2220.29367 1.17651000023
2235.196983 1.30861852169
2249.776594 1.27481000423
2266.928861 1.52263057232
2281.637791 1.28959999084
2298.141917 1.46319980621
2377.492843 7.78189508915
2390.826766 1.14892992973
2403.913814 1.13570809364
2419.763993 1.41061618328
2433.08821 1.14717447758
2447.380914 1.25474433899
2460.890267 1.1725836277
2540.80663 7.82811701298
2613.594255 7.1155339241
2626.947252 1.14739127159
2642.98863 1.43081307411
2656.33843 1.1597597599
2669.776559 1.15896036625
2686.756734 1.52192959785
2703.072122 1.44979398251
2732.853831 2.80825397968
2746.253423 1.15488419533
2759.617854 1.1617723465
2839.350523 7.81850368977
2852.474193 1.12710921764
2867.543801 1.33779733181
2883.589234 1.43068668842
2899.145645 1.37648839951
2912.628585 1.1730789423
2928.713001 1.43401689529
2944.69173 1.41564743519
2957.916949 1.15276238918
2971.653842 1.19815802574
2987.364958 1.38181095123
3003.173705 1.40722491741
3019.349287 1.43766789436
3034.416722 1.33388402462
3048.087074 1.17896158695
3080.241026 3.0416424036
3096.051326 1.39823641777
3113.421048 1.56744947433
3186.631002 7.14849426746
3199.867388 1.1359431982
3272.85327 7.14199237823
3288.635783 1.39047601223
3304.503243 1.41327280998
3318.1218 1.17579593658
3334.809416 1.50019528866
3348.224266 1.15371580124
3362.167031 1.21905138493
3378.329242 1.43333721161
3395.212172 1.4998363018
3428.94942 3.19641518593
3446.125959 1.52264926434
3460.675137 1.27041728497
3535.357178 7.28943731785
3551.415321 1.42119495869
3567.671687 1.44996080399
3584.168341 1.46375453472
3597.474798 1.15628039837
3613.747422 1.45748851299
3693.597901 7.80968902111
3710.376551 1.49634904861
3725.922889 1.37937297821
3747.014733 1.91982004642
3760.334368 1.15541698933
3776.648091 1.4518042326
