38.075026 3.63550069332
75.226815 3.53112318516
83.815958 0.641414833069
135.01115 4.93929145336
144.20326 0.695276856422
181.351766 3.5313188076
220.423624 3.70609326363
229.918762 0.711455059052
238.300856 0.663103842735
246.698884 0.652285003662
254.589887 0.607551765442
537.878858 28.1537898779
575.123535 3.52024385929
612.62206 3.5312485218
622.528838 0.770704364777
631.079491 0.663510465622
674.192578 4.13275430202
712.271114 3.57502450943
722.249094 0.75801410675
730.992317 0.653244161606
768.485534 3.54316568375
828.015845 5.74170250893
837.864624 0.752416968346
846.666534 0.68275578022
883.838503 3.5286192894
921.868225 3.58869454861
932.14155 0.792698073387
940.725178 0.655692338943
1221.888572 27.9394091606
1259.179761 3.52901880741
1268.782559 0.744955968857
1277.319537 0.678330349922
1314.441975 3.52843613625
1592.946862 27.6577578783
1630.148488 3.52784416676
1639.481642 0.721591329575
1681.237128 3.98570802212
1691.059868 0.776553273201
1730.536723 3.76242055893
1740.679688 0.777520108223
1749.415751 0.676315784454
1757.818143 0.646360015869
1766.044764 0.658522820473
1774.637559 0.675128126144
1783.153155 0.66850066185
1791.206776 0.642651128769
1799.086284 0.60359609127
1807.301669 0.628321385384
1816.356026 0.704195785522
1824.65774 0.620865535736
1832.489652 0.605531287193
1840.975034 0.662803506851
1849.477245 0.641861772537
1857.429312 0.607849478722
1865.609863 0.631170916557
1874.306539 0.674013805389
1882.742664 0.661665391922
1890.886962 0.642851305008
1899.497079 0.66395483017
1908.132811 0.66697769165
1916.322062 0.617211103439
1924.341591 0.618562102318
1932.249904 0.610419893265
1940.262982 0.615482854843
1948.215233 0.629742026329
1956.240952 0.626468443871
1964.21786 0.61623313427
1972.197983 0.620821976662
1980.087969 0.613922762871
1988.091706 0.61650865078
2026.965314 3.71187551022
2036.185093 0.695422720909
2073.300654 3.52753162384
2082.368117 0.692907333374
2119.702229 3.53282213211
2129.921471 0.786619520187
2139.33869 0.714165186882
2176.743155 3.53804626465
2187.780113 0.826927661896
2197.288938 0.717084479332
2207.008582 0.775305747986
2244.804728 3.55310759544
2255.535879 0.821620368958
2294.140537 3.62802126408
2306.150173 0.906145882607
2316.215035 0.773083925247
2325.717433 0.742917609215
2334.942757 0.71987593174
2343.013516 0.642727684975
2351.881067 0.708790135384
2391.715332 3.78006174564
2403.263398 0.897060060501
2413.096052 0.752177381516
2450.657877 3.5480506897
2461.790134 0.847860312462
2471.37885 0.763151812553
2480.676529 0.722612309456
2489.93128 0.702796912193
2527.354728 3.54288208485
2538.022107 0.806467056274
2819.006552 27.8985978365
2827.844276 0.691037106514
2835.96637 0.632049679756
2844.72548 0.692564201355
2853.498098 0.67878215313
3136.412913 28.1154886723
3146.287594 0.760787892342
3155.380556 0.711476993561
3163.893725 0.661621665955
3172.513885 0.680981087685
3209.69468 3.5222641468
3220.489197 0.821910572052
3264.561832 4.19902050495
3276.256363 0.913201498985
3285.925302 0.765938544273
3328.648905 4.07678148746
3339.608797 0.829241132736
3349.588908 0.770479345322
3358.699069 0.697953891754
3367.558651 0.687950491905
3376.547177 0.697270154953
3385.47301 0.708800244331
3394.110586 0.664543008804
3402.758149 0.673560547829
3411.417548 0.67854487896
3419.805352 0.654528355598
3428.521127 0.676316070557
3465.783919 3.53023526669
3475.84716 0.772789716721
3485.526725 0.732978534698
3494.190838 0.673286223412
3503.032656 0.67846095562
3511.736473 0.673903608322
3520.22562 0.655393123627
3528.798475 0.658950567245
3537.000915 0.650592184067
3545.597757 0.663791799545
3554.223561 0.672746300697
3562.407414 0.635455536842
3571.006273 0.666182589531
3579.344316 0.638901519775
3587.43233 0.639816713333
3595.717243 0.639596486092
3604.018044 0.627839326859
3641.008274 3.51492671967
3650.668084 0.772943615913
3660.177529 0.72579460144
3669.055804 0.679738497734
3676.874986 0.603612208366
3684.883035 0.619721984863
3692.794611 0.608927059174
3700.656808 0.608611345291
3708.579636 0.601578736305
3716.376745 0.598744916916
3768.85923 5.06372945309
3822.292677 5.12628910542
3832.944339 0.816545629501
