2.257165 0.110990619659
4.666228 0.124781417847
6.815033 0.118617296219
8.893489 0.111910510063
10.949219 0.110183119774
13.015181 0.108162021637
15.099319 0.108131098747
17.210046 0.1078114748
19.283889 0.113251686096
21.299256 0.107995772362
23.30964 0.106329488754
25.363137 0.106228733063
27.424743 0.107782530785
29.419855 0.106242775917
31.47999 0.112913560867
33.505362 0.106418180466
35.529568 0.107090306282
37.57132 0.106207370758
39.570735 0.106930661201
41.568317 0.106526708603
43.556874 0.105947804451
